       x    u_numerical        u_exact          error
     -1.0000000      0.0000000      0.0000000      0.0000000
     -0.9750000      0.0000226      0.0000000      0.0000226
     -0.9500000      0.0004933      0.0000000      0.0004933
     -0.9250000     -0.0000860      0.0000000     -0.0000860
     -0.9000000     -0.0006430      0.0000000     -0.0006430
     -0.8750000      0.0001734      0.0000000      0.0001734
     -0.8500000      0.0003749      0.0000000      0.0003749
     -0.8250000     -0.0002349      0.0000000     -0.0002349
     -0.8000000      0.0000313      0.0000000      0.0000313
     -0.7750000      0.0002120      0.0000000      0.0002120
     -0.7500000     -0.0001560      0.0000000     -0.0001560
     -0.7250000     -0.0001274      0.0000000     -0.0001274
     -0.7000000     -0.0001443      0.0000000     -0.0001443
     -0.6750000      0.0000970      0.0000000      0.0000970
     -0.6500000      0.0005173      0.0000000      0.0005173
     -0.6250000     -0.0001860      0.0000000     -0.0001860
     -0.6000000     -0.0004835      0.0000000     -0.0004835
     -0.5750000      0.0002502      0.0000000      0.0002502
     -0.5500000      0.0001387      0.0000000      0.0001387
     -0.5250000     -0.0000905      0.0000000     -0.0000905
     -0.5000000     -0.0001603      0.0000000     -0.0001603
     -0.4750000     -0.0001231      0.0000000     -0.0001231
     -0.4500000      0.0006785      0.0000000      0.0006785
     -0.4250000     -0.0000653      0.0000000     -0.0000653
     -0.4000000     -0.0006888      0.0000000     -0.0006888
     -0.3750000      0.0004691      0.0000000      0.0004691
     -0.3500000     -0.0001561      0.0000000     -0.0001561
     -0.3250000     -0.0002309      0.0000000     -0.0002309
     -0.3000000      0.0002011      0.0000000      0.0002011
     -0.2750000     -0.0001717      0.0000000     -0.0001717
     -0.2500000      0.0008032      0.0000000      0.0008032
     -0.2250000     -0.0006130      0.0000000     -0.0006130
     -0.2000000     -0.0001442      0.0000000     -0.0001442
     -0.1750000      0.0005342      0.0000000      0.0005342
     -0.1500000     -0.0003104      0.0000000     -0.0003104
     -0.1250000      0.0008827      0.0000000      0.0008827
     -0.1000000     -0.0018569      0.0000000     -0.0018569
     -0.0750000      0.0016364      0.0000000      0.0016364
     -0.0500000     -0.0013333      0.0000000     -0.0013333
     -0.0250000      0.0015500      0.0000000      0.0015500
      0.0000000     -0.0015542      0.0000000     -0.0015542
      0.0250000      0.0012600      0.0000000      0.0012600
      0.0500001     -0.0013139      0.0000000     -0.0013139
      0.0750000      0.0010453      0.0000000      0.0010453
      0.1000000     -0.0003112      0.0000000     -0.0003112
      0.1250000     -0.0000862      0.0000000     -0.0000862
      0.1500000     -0.0000440      0.0000000     -0.0000440
      0.1750001      0.0001044      0.0000000      0.0001044
      0.2000000      0.0005726      0.0000000      0.0005726
      0.2250000     -0.0014007      0.0000000     -0.0014007
      0.2500000      0.0011522      0.0000000      0.0011522
      0.2750000     -0.0010545      0.0000000     -0.0010545
      0.3000001      0.0021536      0.0000000      0.0021536
      0.3250000     -0.0020941      0.0000000     -0.0020941
      0.3500000      0.0009450      0.0000000      0.0009450
      0.3750000     -0.0016548      0.0000000     -0.0016548
      0.4000000      0.0028328      0.0000000      0.0028328
      0.4250001     -0.0021773      0.0000000     -0.0021773
      0.4500000      0.0015198      0.0000000      0.0015198
      0.4750000     -0.0018536      0.0000000     -0.0018536
      0.5000000      0.0017369      0.0000000      0.0017369
      0.5250000     -0.0008867      0.0000000     -0.0008867
      0.5500001      0.0006757      0.0000000      0.0006757
      0.5750000     -0.0012258      0.0000000     -0.0012258
      0.6000000      0.0008324      0.0000000      0.0008324
      0.6250000     -0.0003792      0.0000000     -0.0003792
      0.6500000      0.0006574      0.0000000      0.0006574
      0.6750001      0.0004676      0.0000000      0.0004676
      0.7000000     -0.0013809      0.0000000     -0.0013809
      0.7250000      0.0008948      0.0000000      0.0008948
      0.7500000     -0.0016799      0.0000000     -0.0016799
      0.7750000      0.0025335      0.0000000      0.0025335
      0.8000001     -0.0014437      0.0000000     -0.0014437
      0.8250000      0.0007355      0.0000000      0.0007355
      0.8500000     -0.0020383      0.0000000     -0.0020383
      0.8750000      0.0012712      0.0000000      0.0012712
      0.9000000      0.0005888      0.0000000      0.0005888
      0.9250001      0.0006922      0.0000000      0.0006922
      0.9500000     -0.0011766      0.0000000     -0.0011766
      0.9750000     -0.0006514      0.0000000     -0.0006514
      1.0000000      0.0001980      0.0000000      0.0001980
      1.0250001      0.0008886      0.0000000      0.0008886
      1.0500000      0.0004646      0.0000000      0.0004646
      1.0750000     -0.0002214      0.0000000     -0.0002214
      1.1000001     -0.0006576      0.0000000     -0.0006576
      1.1250000     -0.0005772      0.0000000     -0.0005772
      1.1500001     -0.0000430      0.0000000     -0.0000430
      1.1750000      0.0007497      0.0000000      0.0007497
      1.2000000      0.0010500      0.0000000      0.0010500
      1.2250001      0.0002027      0.0000000      0.0002027
      1.2500000     -0.0011477      0.0000000     -0.0011477
      1.2750001     -0.0015375      0.0000000     -0.0015375
      1.3000000     -0.0003012      0.0000000     -0.0003012
      1.3250000      0.0015690      0.0000000      0.0015690
      1.3500001      0.0020458      0.0000000      0.0020458
      1.3750000      0.0003741      0.0000000      0.0003741
      1.4000001     -0.0016945      0.0000000     -0.0016945
      1.4250000     -0.0021577      0.0000000     -0.0021577
      1.4500000     -0.0009445      0.0000000     -0.0009445
      1.4750001      0.0007891      0.0000000      0.0007891
      1.5000000      0.0020181      0.0000000      0.0020181
      1.5250001      0.0022525      0.0000000      0.0022525
      1.5500000      0.0012624      0.0000000      0.0012624
      1.5750000     -0.0009066      0.0000000     -0.0009066
      1.6000001     -0.0033343      0.0000000     -0.0033343
      1.6250000     -0.0043576      0.0000000     -0.0043576
      1.6500001     -0.0025752      0.0000000     -0.0025752
      1.6750000      0.0017317      0.0000000      0.0017317
      1.7000000      0.0060484      0.0000000      0.0060484
      1.7250001      0.0076887      0.0000000      0.0076887
      1.7500000      0.0058098      0.0000000      0.0058098
      1.7750001      0.0010527      0.0000000      0.0010527
      1.8000000     -0.0054718      0.0000000     -0.0054718
      1.8250000     -0.0125461      0.0000000     -0.0125461
      1.8500001     -0.0184970      0.0000000     -0.0184970
      1.8750000     -0.0207192      0.0000000     -0.0207192
      1.9000001     -0.0158946      0.0000000     -0.0158946
      1.9250000     -0.0015149      0.0061558     -0.0076707
      1.9500000      0.0229173      0.0244717     -0.0015544
      1.9750001      0.0568149      0.0544968      0.0023181
      2.0000000      0.0998094      0.0954913      0.0043181
      2.0250001      0.1519326      0.1464466      0.0054860
      2.0500000      0.2131038      0.2061070      0.0069968
      2.0750000      0.2821801      0.2730046      0.0091755
      2.1000001      0.3565643      0.3454916      0.0110726
      2.1250000      0.4334534      0.4217824      0.0116710
      2.1500001      0.5111076      0.5000000      0.0111077
      2.1750000      0.5885633      0.5782168      0.0103465
      2.2000000      0.6648144      0.6545083      0.0103061
      2.2250001      0.7380368      0.7269954      0.0110414
      2.2500000      0.8053535      0.7938924      0.0114610
      2.2750001      0.8640299      0.8535534      0.0104766
      2.3000000      0.9126573      0.9045082      0.0081491
      2.3250000      0.9509665      0.9455031      0.0054634
      2.3500001      0.9791536      0.9755283      0.0036253
      2.3750000      0.9969490      0.9938441      0.0031049
      2.4000001      1.0030469      1.0000000      0.0030469
      2.4250000      0.9959886      0.9938442      0.0021444
      2.4500000      0.9752240      0.9755283     -0.0003043
      2.4750001      0.9415399      0.9455031     -0.0039632
      2.5000000      0.8970557      0.9045087     -0.0074529
      2.5250001      0.8441917      0.8535534     -0.0093617
      2.5500000      0.7846343      0.7938930     -0.0092587
      2.5750000      0.7191915      0.7269954     -0.0078039
      2.6000001      0.6479887      0.6545083     -0.0065196
      2.6250000      0.5713702      0.5782175     -0.0068473
      2.6500001      0.4907469      0.5000000     -0.0092531
      2.6750000      0.4086949      0.4217831     -0.0130883
      2.7000000      0.3287784      0.3454916     -0.0167133
      2.7250001      0.2547394      0.2730046     -0.0182652
      2.7500000      0.1896656      0.2061076     -0.0164420
      2.7750001      0.1355141      0.1464466     -0.0109325
      2.8000000      0.0928106      0.0954918     -0.0026811
      2.8250000      0.0608888      0.0544968      0.0063920
      2.8500001      0.0382624      0.0244717      0.0137908
      2.8750000      0.0229915      0.0061559      0.0168356
      2.9000001      0.0132765      0.0000000      0.0132765
      2.9250000      0.0072165      0.0000000      0.0072165
      2.9500000      0.0040066      0.0000000      0.0040066
      2.9750001      0.0015975      0.0000000      0.0015975
      3.0000000      0.0015975      0.0000000      0.0015975
