       x    u_numerical        u_exact          error
     -1.0000000      0.0000000      0.0000000      0.0000000
     -0.9750000      -Infinity      0.0000000      -Infinity
     -0.9500000       Infinity      0.0000000       Infinity
     -0.9250000      -Infinity      0.0000000      -Infinity
     -0.9000000       Infinity      0.0000000       Infinity
     -0.8750000      -Infinity      0.0000000      -Infinity
     -0.8500000       Infinity      0.0000000       Infinity
     -0.8250000      -Infinity      0.0000000      -Infinity
     -0.8000000       Infinity      0.0000000       Infinity
     -0.7750000      -Infinity      0.0000000      -Infinity
     -0.7500000       Infinity      0.0000000       Infinity
     -0.7250000      -Infinity      0.0000000      -Infinity
     -0.7000000       Infinity      0.0000000       Infinity
     -0.6750000      -Infinity      0.0000000      -Infinity
     -0.6500000       Infinity      0.0000000       Infinity
     -0.6250000            NaN      0.0000000            NaN
     -0.6000000            NaN      0.0000000            NaN
     -0.5750000            NaN      0.0000000            NaN
     -0.5500000            NaN      0.0000000            NaN
     -0.5250000            NaN      0.0000000            NaN
     -0.5000000            NaN      0.0000000            NaN
     -0.4750000            NaN      0.0000000            NaN
     -0.4500000            NaN      0.0000000            NaN
     -0.4250000            NaN      0.0000000            NaN
     -0.4000000            NaN      0.0000000            NaN
     -0.3750000            NaN      0.0000000            NaN
     -0.3500000            NaN      0.0000000            NaN
     -0.3250000       Infinity      0.0000000       Infinity
     -0.3000000      -Infinity      0.0000000      -Infinity
     -0.2750000       Infinity      0.0000000       Infinity
     -0.2500000      -Infinity      0.0000000      -Infinity
     -0.2250000       Infinity      0.0000000       Infinity
     -0.2000000      -Infinity      0.0000000      -Infinity
     -0.1750000       Infinity      0.0000000       Infinity
     -0.1500000      -Infinity      0.0000000      -Infinity
     -0.1250000       Infinity      0.0000000       Infinity
     -0.1000000      -Infinity      0.0000000      -Infinity
     -0.0750000       Infinity      0.0000000       Infinity
     -0.0500000      -Infinity      0.0000000      -Infinity
     -0.0250000       Infinity      0.0000000       Infinity
      0.0000000      -Infinity      0.0000000      -Infinity
      0.0250000       Infinity      0.0000000       Infinity
      0.0500001      -Infinity      0.0000000      -Infinity
      0.0750000       Infinity      0.0000000       Infinity
      0.1000000      -Infinity      0.0000000      -Infinity
      0.1250000       Infinity      0.0000000       Infinity
      0.1500000      -Infinity      0.0000000      -Infinity
      0.1750001       Infinity      0.0000000       Infinity
      0.2000000      -Infinity      0.0000000      -Infinity
      0.2250000       Infinity      0.0000000       Infinity
      0.2500000***************      0.0000000***************
      0.2750000***************      0.0000000***************
      0.3000001***************      0.0000000***************
      0.3250000***************      0.0000000***************
      0.3500000***************      0.0000000***************
      0.3750000***************      0.0000000***************
      0.4000000***************      0.0000000***************
      0.4250001***************      0.0000000***************
      0.4500000***************      0.0000000***************
      0.4750000***************      0.0000000***************
      0.5000000***************      0.0000000***************
      0.5250000      0.0000000      0.0000000      0.0000000
      0.5500001      0.0000000      0.0000000      0.0000000
      0.5750000      0.0000000      0.0000000      0.0000000
      0.6000000      0.0000000      0.0000000      0.0000000
      0.6250000      0.0000000      0.0000000      0.0000000
      0.6500000      0.0000000      0.0000000      0.0000000
      0.6750001      0.0000000      0.0000000      0.0000000
      0.7000000      0.0000000      0.0000000      0.0000000
      0.7250000      0.0000000      0.0000000      0.0000000
      0.7500000      0.0000000      0.0000000      0.0000000
      0.7750000      0.0000000      0.0000000      0.0000000
      0.8000001      0.0000000      0.0000000      0.0000000
      0.8250000      0.0000000      0.0000000      0.0000000
      0.8500000      0.0000000      0.0000000      0.0000000
      0.8750000      0.0000000      0.0000000      0.0000000
      0.9000000      0.0000000      0.0000000      0.0000000
      0.9250001      0.0000000      0.0000000      0.0000000
      0.9500000      0.0000000      0.0000000      0.0000000
      0.9750000      0.0000000      0.0000000      0.0000000
      1.0000000      0.0000000      0.0000000      0.0000000
      1.0250001      0.0000000      0.0000000      0.0000000
      1.0500000      0.0000000      0.0000000      0.0000000
      1.0750000      0.0000000      0.0000000      0.0000000
      1.1000001      0.0000000      0.0000000      0.0000000
      1.1250000      0.0000000      0.0000000      0.0000000
      1.1500001      0.0000000      0.0000000      0.0000000
      1.1750000      0.0000000      0.0000000      0.0000000
      1.2000000      0.0000000      0.0000000      0.0000000
      1.2250001      0.0000000      0.0000000      0.0000000
      1.2500000      0.0000000      0.0000000      0.0000000
      1.2750001      0.0000000      0.0000000      0.0000000
      1.3000000      0.0000000      0.0000000      0.0000000
      1.3250000      0.0000000      0.0000000      0.0000000
      1.3500001      0.0000000      0.0000000      0.0000000
      1.3750000      0.0000000      0.0000000      0.0000000
      1.4000001      0.0000000      0.0000000      0.0000000
      1.4250000      0.0000000      0.0000000      0.0000000
      1.4500000      0.0000000      0.0000000      0.0000000
      1.4750001      0.0000000      0.0000000      0.0000000
      1.5000000      0.0000000      0.0000000      0.0000000
      1.5250001      0.0000000      0.0000000      0.0000000
      1.5500000      0.0000000      0.0000000      0.0000000
      1.5750000      0.0000000      0.0000000      0.0000000
      1.6000001      0.0000000      0.0000000      0.0000000
      1.6250000      0.0000000      0.0000000      0.0000000
      1.6500001      0.0000000      0.0000000      0.0000000
      1.6750000      0.0000000      0.0000000      0.0000000
      1.7000000      0.0000000      0.0000000      0.0000000
      1.7250001      0.0000000      0.0000000      0.0000000
      1.7500000      0.0000000      0.0000000      0.0000000
      1.7750001      0.0000000      0.0000000      0.0000000
      1.8000000      0.0000000      0.0000000      0.0000000
      1.8250000      0.0000000      0.0000000      0.0000000
      1.8500001      0.0000000      0.0000000      0.0000000
      1.8750000      0.0000000      0.0000000      0.0000000
      1.9000001      0.0000000      0.0000000     -0.0000000
      1.9250000      0.0000000      0.0061558     -0.0061558
      1.9500000      0.0000000      0.0244717     -0.0244717
      1.9750001      0.0000000      0.0544968     -0.0544968
      2.0000000      0.0000000      0.0954913     -0.0954913
      2.0250001      0.0000000      0.1464466     -0.1464466
      2.0500000      0.0000000      0.2061070     -0.2061070
      2.0750000      0.0000000      0.2730046     -0.2730046
      2.1000001      0.0000000      0.3454916     -0.3454916
      2.1250000      0.0000000      0.4217824     -0.4217824
      2.1500001      0.0000000      0.5000000     -0.5000000
      2.1750000      0.0000000      0.5782168     -0.5782168
      2.2000000      0.0000000      0.6545083     -0.6545083
      2.2250001      0.0000000      0.7269954     -0.7269954
      2.2500000      0.0000000      0.7938924     -0.7938924
      2.2750001      0.0000000      0.8535534     -0.8535534
      2.3000000      0.0000000      0.9045082     -0.9045082
      2.3250000      0.0000000      0.9455031     -0.9455031
      2.3500001      0.0000000      0.9755283     -0.9755283
      2.3750000      0.0000000      0.9938441     -0.9938441
      2.4000001      0.0000000      1.0000000     -1.0000000
      2.4250000      0.0000000      0.9938442     -0.9938442
      2.4500000      0.0000000      0.9755283     -0.9755283
      2.4750001      0.0000000      0.9455031     -0.9455031
      2.5000000      0.0000000      0.9045087     -0.9045087
      2.5250001      0.0000000      0.8535534     -0.8535534
      2.5500000      0.0000000      0.7938930     -0.7938930
      2.5750000      0.0000000      0.7269954     -0.7269954
      2.6000001      0.0000000      0.6545083     -0.6545083
      2.6250000      0.0000000      0.5782175     -0.5782175
      2.6500001      0.0000000      0.5000000     -0.5000000
      2.6750000      0.0000000      0.4217831     -0.4217831
      2.7000000      0.0000000      0.3454916     -0.3454916
      2.7250001      0.0000000      0.2730046     -0.2730046
      2.7500000      0.0000000      0.2061076     -0.2061076
      2.7750001      0.0000000      0.1464466     -0.1464466
      2.8000000      0.0000000      0.0954918     -0.0954918
      2.8250000      0.0000000      0.0544968     -0.0544968
      2.8500001      0.0000000      0.0244717     -0.0244717
      2.8750000      0.0000000      0.0061559     -0.0061559
      2.9000001      0.0000000      0.0000000     -0.0000000
      2.9250000      0.0000000      0.0000000      0.0000000
      2.9500000      0.0000000      0.0000000      0.0000000
      2.9750001      0.0000000      0.0000000      0.0000000
      3.0000000      0.0000000      0.0000000      0.0000000
