Step, Time, L2_Norm_Rho
      10   2.961669E-07   5.060506E+04
      20   5.923338E-07   5.060506E+04
      30   8.885006E-07   5.060506E+04
      40   1.184668E-06   5.060506E+04
      50   1.480834E-06   5.060506E+04
      60   1.777001E-06   5.060506E+04
      70   2.073168E-06   5.060506E+04
      80   2.369335E-06   5.060506E+04
      90   2.665502E-06   5.060506E+04
     100   2.961669E-06   5.060506E+04
     110   3.257836E-06   5.060506E+04
     120   3.554003E-06   5.060506E+04
     130   3.850169E-06   5.060506E+04
     140   4.146336E-06   5.060506E+04
     150   4.442503E-06   5.060506E+04
     160   4.738670E-06   5.060506E+04
     170   5.034837E-06   5.060506E+04
     180   5.331004E-06   5.060506E+04
     190   5.627171E-06   5.060506E+04
     200   5.923338E-06   5.060506E+04
     210   6.219504E-06   5.060506E+04
     220   6.515671E-06   5.060506E+04
     230   6.811838E-06   5.060506E+04
     240   7.108005E-06   5.060506E+04
     250   7.404172E-06   5.060506E+04
     260   7.700339E-06   5.060506E+04
     270   7.996506E-06   5.060506E+04
     280   8.292673E-06   5.060506E+04
     290   8.588839E-06   5.060506E+04
     300   8.885006E-06   5.060506E+04
     310   9.181173E-06   5.060506E+04
     320   9.477340E-06   5.060506E+04
     330   9.773507E-06   5.060506E+04
     340   1.006967E-05   5.060506E+04
     350   1.036584E-05   5.060506E+04
     360   1.066201E-05   5.060506E+04
     370   1.095817E-05   5.060506E+04
     380   1.125434E-05   5.060506E+04
     390   1.155051E-05   5.060506E+04
     400   1.184668E-05   5.060506E+04
     410   1.214284E-05   5.060506E+04
     420   1.243901E-05   5.060506E+04
     430   1.273518E-05   5.060506E+04
     440   1.303134E-05   5.060506E+04
     450   1.332751E-05   5.060506E+04
     460   1.362368E-05   5.060506E+04
     470   1.391984E-05   5.060506E+04
     480   1.421601E-05   5.060506E+04
     490   1.451218E-05   5.060506E+04
     500   1.480834E-05   5.060506E+04
     510   1.510451E-05   5.060506E+04
     520   1.540068E-05   5.060506E+04
     530   1.569684E-05   5.060506E+04
     540   1.599301E-05   5.060506E+04
     550   1.628918E-05   5.060506E+04
     560   1.658535E-05   5.060506E+04
     570   1.688151E-05   5.060506E+04
     580   1.717768E-05   5.060506E+04
     590   1.747385E-05   5.060506E+04
     600   1.777001E-05   5.060506E+04
     610   1.806618E-05   5.060506E+04
     620   1.836235E-05   5.060506E+04
     630   1.865851E-05   5.060506E+04
     640   1.895468E-05   5.060506E+04
     650   1.925085E-05   5.060506E+04
     660   1.954701E-05   5.060506E+04
     670   1.984318E-05   5.060506E+04
     680   2.013935E-05   5.060506E+04
     690   2.043551E-05   5.060506E+04
     700   2.073168E-05   5.060506E+04
     710   2.102785E-05   5.060506E+04
     720   2.132402E-05   5.060506E+04
     730   2.162018E-05   5.060506E+04
     740   2.191635E-05   5.060506E+04
     750   2.221252E-05   5.060507E+04
     760   2.250868E-05   5.060507E+04
     770   2.280485E-05   5.060507E+04
     780   2.310102E-05   5.060507E+04
     790   2.339718E-05   5.060507E+04
     800   2.369335E-05   5.060508E+04
     810   2.398952E-05   5.060508E+04
     820   2.428568E-05   5.060508E+04
     830   2.458185E-05   5.060508E+04
     840   2.487802E-05   5.060509E+04
     850   2.517418E-05   5.060509E+04
     860   2.547035E-05   5.060509E+04
     870   2.576651E-05   5.060509E+04
     880   2.606268E-05   5.060509E+04
     890   2.635884E-05   5.060510E+04
     900   2.665501E-05   5.060510E+04
     910   2.695117E-05   5.060510E+04
     920   2.724733E-05   5.060510E+04
     930   2.754350E-05   5.060510E+04
     940   2.783966E-05   5.060510E+04
     950   2.813581E-05   5.060510E+04
     960   2.843197E-05   5.060510E+04
     970   2.872812E-05   5.060511E+04
     980   2.902427E-05   5.060511E+04
     990   2.932041E-05   5.060511E+04
    1000   2.961655E-05   5.060511E+04
    1010   2.991269E-05   5.060511E+04
    1020   3.020881E-05   5.060511E+04
    1030   3.050493E-05   5.060511E+04
    1040   3.080104E-05   5.060511E+04
    1050   3.109714E-05   5.060511E+04
    1060   3.139324E-05   5.060511E+04
    1070   3.168932E-05   5.060511E+04
    1080   3.198539E-05   5.060511E+04
    1090   3.228146E-05   5.060511E+04
    1100   3.257753E-05   5.060511E+04
    1110   3.287359E-05   5.060511E+04
    1120   3.316961E-05   5.060512E+04
    1130   3.346562E-05   5.060512E+04
    1140   3.376162E-05   5.060512E+04
    1150   3.405761E-05   5.060512E+04
    1160   3.435360E-05   5.060512E+04
    1170   3.464960E-05   5.060512E+04
    1180   3.494562E-05   5.060512E+04
    1190   3.524162E-05   5.060512E+04
    1200   3.553753E-05   5.060512E+04
    1210   3.583345E-05   5.060512E+04
    1220   3.612937E-05   5.060512E+04
    1230   3.642532E-05   5.060512E+04
    1240   3.672131E-05   5.060513E+04
    1250   3.701732E-05   5.060513E+04
    1260   3.731315E-05   5.060513E+04
    1270   3.760900E-05   5.060513E+04
    1280   3.790487E-05   5.060514E+04
    1290   3.820078E-05   5.060514E+04
    1300   3.849676E-05   5.060514E+04
    1310   3.879274E-05   5.060515E+04
    1320   3.908850E-05   5.060515E+04
    1330   3.938428E-05   5.060516E+04
    1340   3.968011E-05   5.060516E+04
    1350   3.997600E-05   5.060517E+04
    1360   4.027198E-05   5.060518E+04
    1370   4.056789E-05   5.060519E+04
    1380   4.086357E-05   5.060521E+04
    1390   4.115929E-05   5.060522E+04
    1400   4.145508E-05   5.060524E+04
    1410   4.175094E-05   5.060526E+04
    1420   4.204690E-05   5.060528E+04
    1430   4.234274E-05   5.060530E+04
    1440   4.263833E-05   5.060533E+04
    1450   4.293397E-05   5.060537E+04
    1460   4.322968E-05   5.060541E+04
    1470   4.352547E-05   5.060545E+04
    1480   4.382137E-05   5.060551E+04
    1490   4.411723E-05   5.060557E+04
    1500   4.441268E-05   5.060563E+04
    1510   4.470818E-05   5.060571E+04
    1520   4.500375E-05   5.060580E+04
    1530   4.529940E-05   5.060589E+04
    1540   4.559514E-05   5.060601E+04
    1550   4.589101E-05   5.060613E+04
    1560   4.618649E-05   5.060627E+04
    1570   4.648177E-05   5.060643E+04
    1580   4.677710E-05   5.060660E+04
    1590   4.707248E-05   5.060680E+04
    1600   4.736794E-05   5.060702E+04
    1610   4.766348E-05   5.060726E+04
    1620   4.795911E-05   5.060752E+04
    1630   4.825467E-05   5.060781E+04
    1640   4.854965E-05   5.060813E+04
    1650   4.884464E-05   5.060848E+04
    1660   4.913966E-05   5.060885E+04
    1670   4.943471E-05   5.060926E+04
    1680   4.972981E-05   5.060971E+04
    1690   5.002495E-05   5.061018E+04
    1700   5.032015E-05   5.061069E+04
    1710   5.061540E-05   5.061123E+04
    1720   5.091071E-05   5.061181E+04
    1730   5.120550E-05   5.061242E+04
    1740   5.150002E-05   5.061307E+04
    1750   5.179454E-05   5.061374E+04
    1760   5.208905E-05   5.061445E+04
    1770   5.238357E-05   5.061519E+04
    1780   5.267809E-05   5.061596E+04
    1790   5.297261E-05   5.061675E+04
    1800   5.326714E-05   5.061757E+04
    1810   5.356167E-05   5.061841E+04
    1820   5.385621E-05   5.061927E+04
    1830   5.415074E-05   5.062015E+04
    1840   5.444528E-05   5.062105E+04
    1850   5.473982E-05   5.062195E+04
    1860   5.503436E-05   5.062287E+04
    1870   5.532890E-05   5.062380E+04
    1880   5.562343E-05   5.062474E+04
    1890   5.591796E-05   5.062569E+04
    1900   5.621248E-05   5.062665E+04
    1910   5.650700E-05   5.062761E+04
    1920   5.680152E-05   5.062858E+04
    1930   5.709603E-05   5.062957E+04
    1940   5.739053E-05   5.063057E+04
    1950   5.768504E-05   5.063159E+04
    1960   5.797937E-05   5.063262E+04
    1970   5.827366E-05   5.063369E+04
    1980   5.856798E-05   5.063479E+04
    1990   5.886232E-05   5.063593E+04
    2000   5.915670E-05   5.063711E+04
    2010   5.945110E-05   5.063835E+04
    2020   5.974554E-05   5.063965E+04
    2030   6.004002E-05   5.064103E+04
    2040   6.033452E-05   5.064249E+04
    2050   6.062907E-05   5.064404E+04
    2060   6.092364E-05   5.064570E+04
    2070   6.121825E-05   5.064747E+04
    2080   6.151290E-05   5.064936E+04
    2090   6.180759E-05   5.065139E+04
    2100   6.210230E-05   5.065356E+04
    2110   6.239706E-05   5.065589E+04
    2120   6.269185E-05   5.065838E+04
    2130   6.298667E-05   5.066104E+04
    2140   6.328153E-05   5.066388E+04
    2150   6.357642E-05   5.066691E+04
    2160   6.387134E-05   5.067013E+04
    2170   6.416630E-05   5.067354E+04
    2180   6.446128E-05   5.067714E+04
    2190   6.475630E-05   5.068095E+04
    2200   6.505135E-05   5.068495E+04
    2210   6.534642E-05   5.068914E+04
    2220   6.564152E-05   5.069353E+04
    2230   6.593665E-05   5.069810E+04
    2240   6.623169E-05   5.070286E+04
    2250   6.652677E-05   5.070779E+04
    2260   6.682186E-05   5.071288E+04
    2270   6.711698E-05   5.071813E+04
    2280   6.741212E-05   5.072353E+04
    2290   6.770729E-05   5.072906E+04
    2300   6.800248E-05   5.073470E+04
    2310   6.829769E-05   5.074046E+04
    2320   6.859291E-05   5.074631E+04
    2330   6.888816E-05   5.075223E+04
    2340   6.918343E-05   5.075823E+04
    2350   6.947871E-05   5.076427E+04
    2360   6.977402E-05   5.077034E+04
    2370   7.006934E-05   5.077644E+04
    2380   7.036467E-05   5.078255E+04
    2390   7.066002E-05   5.078865E+04
    2400   7.095539E-05   5.079473E+04
    2410   7.125077E-05   5.080078E+04
    2420   7.154616E-05   5.080678E+04
    2430   7.184156E-05   5.081273E+04
    2440   7.213698E-05   5.081861E+04
    2450   7.243241E-05   5.082442E+04
    2460   7.272785E-05   5.083014E+04
    2470   7.302330E-05   5.083577E+04
    2480   7.331876E-05   5.084130E+04
    2490   7.361423E-05   5.084672E+04
    2500   7.390971E-05   5.085203E+04
    2510   7.420520E-05   5.085723E+04
    2520   7.450069E-05   5.086230E+04
    2530   7.479619E-05   5.086725E+04
    2540   7.509170E-05   5.087208E+04
    2550   7.538722E-05   5.087677E+04
    2560   7.568274E-05   5.088134E+04
    2570   7.597827E-05   5.088577E+04
    2580   7.627381E-05   5.089008E+04
    2590   7.656935E-05   5.089425E+04
    2600   7.686489E-05   5.089830E+04
    2610   7.716044E-05   5.090222E+04
    2620   7.745600E-05   5.090601E+04
    2630   7.775156E-05   5.090967E+04
    2640   7.804712E-05   5.091322E+04
    2650   7.834269E-05   5.091664E+04
    2660   7.863826E-05   5.091995E+04
    2670   7.893383E-05   5.092314E+04
    2680   7.922941E-05   5.092622E+04
    2690   7.952499E-05   5.092919E+04
    2700   7.982057E-05   5.093205E+04
    2710   8.011616E-05   5.093482E+04
    2720   8.041175E-05   5.093748E+04
    2730   8.070734E-05   5.094004E+04
    2740   8.100293E-05   5.094252E+04
    2750   8.129853E-05   5.094490E+04
    2760   8.159413E-05   5.094720E+04
    2770   8.188973E-05   5.094941E+04
    2780   8.218533E-05   5.095154E+04
    2790   8.248093E-05   5.095359E+04
    2800   8.277654E-05   5.095557E+04
    2810   8.307214E-05   5.095748E+04
    2820   8.336775E-05   5.095932E+04
    2830   8.366336E-05   5.096110E+04
    2840   8.395897E-05   5.096281E+04
    2850   8.425458E-05   5.096446E+04
    2860   8.455019E-05   5.096605E+04
    2870   8.484581E-05   5.096758E+04
    2880   8.514142E-05   5.096907E+04
    2890   8.543704E-05   5.097050E+04
    2900   8.573265E-05   5.097188E+04
    2910   8.602827E-05   5.097322E+04
    2920   8.632389E-05   5.097451E+04
    2930   8.661950E-05   5.097575E+04
    2940   8.691512E-05   5.097696E+04
    2950   8.721074E-05   5.097813E+04
    2960   8.750636E-05   5.097926E+04
    2970   8.780198E-05   5.098036E+04
    2980   8.809760E-05   5.098142E+04
    2990   8.839323E-05   5.098245E+04
    3000   8.868885E-05   5.098344E+04
    3010   8.898447E-05   5.098441E+04
    3020   8.928009E-05   5.098535E+04
    3030   8.957572E-05   5.098627E+04
    3040   8.987134E-05   5.098715E+04
    3050   9.016696E-05   5.098802E+04
    3060   9.046259E-05   5.098886E+04
    3070   9.075821E-05   5.098968E+04
    3080   9.105384E-05   5.099048E+04
    3090   9.134946E-05   5.099126E+04
    3100   9.164509E-05   5.099202E+04
    3110   9.194071E-05   5.099276E+04
    3120   9.223634E-05   5.099349E+04
    3130   9.253197E-05   5.099420E+04
    3140   9.282759E-05   5.099489E+04
    3150   9.312322E-05   5.099558E+04
    3160   9.341885E-05   5.099625E+04
    3170   9.371447E-05   5.099690E+04
    3180   9.401010E-05   5.099755E+04
    3190   9.430573E-05   5.099819E+04
    3200   9.460135E-05   5.099881E+04
    3210   9.489698E-05   5.099943E+04
    3220   9.519261E-05   5.100004E+04
    3230   9.548824E-05   5.100064E+04
    3240   9.578386E-05   5.100124E+04
    3250   9.607949E-05   5.100183E+04
    3260   9.637512E-05   5.100242E+04
    3270   9.667075E-05   5.100300E+04
    3280   9.696637E-05   5.100358E+04
    3290   9.726200E-05   5.100415E+04
    3300   9.755763E-05   5.100473E+04
    3310   9.785326E-05   5.100530E+04
    3320   9.814889E-05   5.100587E+04
    3330   9.844452E-05   5.100645E+04
    3340   9.874014E-05   5.100702E+04
    3350   9.903577E-05   5.100760E+04
    3360   9.933140E-05   5.100818E+04
    3370   9.962703E-05   5.100876E+04
    3380   9.992266E-05   5.100935E+04
    3390   1.002183E-04   5.100995E+04
    3400   1.005139E-04   5.101055E+04
    3410   1.008095E-04   5.101115E+04
    3420   1.011052E-04   5.101177E+04
    3430   1.014008E-04   5.101239E+04
    3440   1.016964E-04   5.101302E+04
    3450   1.019921E-04   5.101367E+04
    3460   1.022877E-04   5.101432E+04
    3470   1.025833E-04   5.101499E+04
    3480   1.028789E-04   5.101566E+04
    3490   1.031746E-04   5.101636E+04
    3500   1.034702E-04   5.101706E+04
    3510   1.037658E-04   5.101778E+04
    3520   1.040615E-04   5.101852E+04
    3530   1.043571E-04   5.101927E+04
    3540   1.046527E-04   5.102004E+04
    3550   1.049483E-04   5.102082E+04
    3560   1.052440E-04   5.102162E+04
    3570   1.055396E-04   5.102244E+04
    3580   1.058352E-04   5.102328E+04
    3590   1.061309E-04   5.102414E+04
    3600   1.064265E-04   5.102501E+04
    3610   1.067221E-04   5.102590E+04
    3620   1.070177E-04   5.102681E+04
    3630   1.073134E-04   5.102774E+04
    3640   1.076090E-04   5.102869E+04
    3650   1.079046E-04   5.102965E+04
    3660   1.082003E-04   5.103063E+04
    3670   1.084959E-04   5.103163E+04
    3680   1.087915E-04   5.103264E+04
    3690   1.090872E-04   5.103367E+04
    3700   1.093828E-04   5.103471E+04
    3710   1.096784E-04   5.103577E+04
    3720   1.099740E-04   5.103684E+04
    3730   1.102697E-04   5.103792E+04
    3740   1.105653E-04   5.103900E+04
    3750   1.108609E-04   5.104010E+04
    3760   1.111566E-04   5.104120E+04
    3770   1.114522E-04   5.104231E+04
    3780   1.117478E-04   5.104342E+04
    3790   1.120434E-04   5.104454E+04
    3800   1.123391E-04   5.104565E+04
    3810   1.126347E-04   5.104677E+04
    3820   1.129303E-04   5.104788E+04
    3830   1.132260E-04   5.104899E+04
    3840   1.135216E-04   5.105009E+04
    3850   1.138172E-04   5.105118E+04
    3860   1.141128E-04   5.105227E+04
    3870   1.144085E-04   5.105334E+04
    3880   1.147041E-04   5.105440E+04
    3890   1.149997E-04   5.105545E+04
    3900   1.152954E-04   5.105648E+04
    3910   1.155910E-04   5.105749E+04
    3920   1.158866E-04   5.105849E+04
    3930   1.161822E-04   5.105946E+04
    3940   1.164779E-04   5.106042E+04
    3950   1.167735E-04   5.106135E+04
    3960   1.170691E-04   5.106226E+04
    3970   1.173648E-04   5.106315E+04
    3980   1.176604E-04   5.106401E+04
    3990   1.179560E-04   5.106485E+04
    4000   1.182517E-04   5.106566E+04
    4010   1.185473E-04   5.106645E+04
    4020   1.188429E-04   5.106721E+04
    4030   1.191385E-04   5.106794E+04
    4040   1.194342E-04   5.106864E+04
    4050   1.197298E-04   5.106932E+04
    4060   1.200254E-04   5.106998E+04
    4070   1.203211E-04   5.107060E+04
    4080   1.206167E-04   5.107120E+04
    4090   1.209123E-04   5.107177E+04
    4100   1.212079E-04   5.107232E+04
    4110   1.215036E-04   5.107284E+04
    4120   1.217992E-04   5.107333E+04
    4130   1.220948E-04   5.107380E+04
    4140   1.223905E-04   5.107425E+04
    4150   1.226861E-04   5.107467E+04
    4160   1.229817E-04   5.107507E+04
    4170   1.232773E-04   5.107545E+04
    4180   1.235730E-04   5.107580E+04
    4190   1.238686E-04   5.107614E+04
    4200   1.241642E-04   5.107645E+04
    4210   1.244599E-04   5.107674E+04
    4220   1.247555E-04   5.107702E+04
    4230   1.250511E-04   5.107727E+04
    4240   1.253468E-04   5.107751E+04
    4250   1.256424E-04   5.107773E+04
    4260   1.259380E-04   5.107793E+04
    4270   1.262336E-04   5.107812E+04
    4280   1.265293E-04   5.107830E+04
    4290   1.268249E-04   5.107846E+04
    4300   1.271205E-04   5.107860E+04
    4310   1.274162E-04   5.107873E+04
    4320   1.277118E-04   5.107885E+04
    4330   1.280074E-04   5.107896E+04
    4340   1.283030E-04   5.107906E+04
    4350   1.285987E-04   5.107914E+04
    4360   1.288943E-04   5.107921E+04
    4370   1.291899E-04   5.107928E+04
    4380   1.294856E-04   5.107933E+04
    4390   1.297812E-04   5.107938E+04
    4400   1.300768E-04   5.107941E+04
    4410   1.303724E-04   5.107944E+04
    4420   1.306681E-04   5.107946E+04
    4430   1.309637E-04   5.107947E+04
    4440   1.312593E-04   5.107947E+04
    4450   1.315550E-04   5.107947E+04
    4460   1.318506E-04   5.107946E+04
    4470   1.321462E-04   5.107944E+04
    4480   1.324419E-04   5.107942E+04
    4490   1.327375E-04   5.107939E+04
    4500   1.330331E-04   5.107935E+04
    4510   1.333287E-04   5.107931E+04
    4520   1.336244E-04   5.107926E+04
    4530   1.339200E-04   5.107921E+04
    4540   1.342156E-04   5.107915E+04
    4550   1.345113E-04   5.107908E+04
    4560   1.348069E-04   5.107901E+04
    4570   1.351025E-04   5.107893E+04
    4580   1.353981E-04   5.107885E+04
    4590   1.356938E-04   5.107877E+04
    4600   1.359894E-04   5.107867E+04
    4610   1.362850E-04   5.107858E+04
    4620   1.365807E-04   5.107847E+04
    4630   1.368763E-04   5.107837E+04
    4640   1.371719E-04   5.107826E+04
    4650   1.374675E-04   5.107814E+04
    4660   1.377632E-04   5.107801E+04
    4670   1.380588E-04   5.107789E+04
    4680   1.383544E-04   5.107775E+04
    4690   1.386501E-04   5.107762E+04
    4700   1.389457E-04   5.107747E+04
    4710   1.392413E-04   5.107732E+04
    4720   1.395370E-04   5.107717E+04
    4730   1.398326E-04   5.107701E+04
    4740   1.401282E-04   5.107685E+04
    4750   1.404238E-04   5.107668E+04
    4760   1.407195E-04   5.107650E+04
    4770   1.410151E-04   5.107632E+04
    4780   1.413107E-04   5.107614E+04
    4790   1.416064E-04   5.107594E+04
    4800   1.419020E-04   5.107575E+04
    4810   1.421976E-04   5.107554E+04
    4820   1.424932E-04   5.107533E+04
    4830   1.427889E-04   5.107512E+04
    4840   1.430845E-04   5.107490E+04
    4850   1.433801E-04   5.107467E+04
    4860   1.436758E-04   5.107444E+04
    4870   1.439714E-04   5.107420E+04
    4880   1.442670E-04   5.107395E+04
    4890   1.445626E-04   5.107370E+04
    4900   1.448583E-04   5.107344E+04
    4910   1.451539E-04   5.107317E+04
    4920   1.454495E-04   5.107290E+04
    4930   1.457452E-04   5.107262E+04
    4940   1.460408E-04   5.107234E+04
    4950   1.463364E-04   5.107205E+04
    4960   1.466320E-04   5.107175E+04
    4970   1.469277E-04   5.107144E+04
    4980   1.472233E-04   5.107113E+04
    4990   1.475189E-04   5.107081E+04
    5000   1.478146E-04   5.107048E+04
    5010   1.481102E-04   5.107015E+04
    5020   1.484058E-04   5.106980E+04
    5030   1.487015E-04   5.106945E+04
    5040   1.489971E-04   5.106910E+04
    5050   1.492927E-04   5.106873E+04
    5060   1.495883E-04   5.106836E+04
    5070   1.498840E-04   5.106798E+04
    5080   1.501796E-04   5.106759E+04
    5090   1.504752E-04   5.106720E+04
    5100   1.507709E-04   5.106679E+04
    5110   1.510665E-04   5.106638E+04
    5120   1.513621E-04   5.106596E+04
    5130   1.516577E-04   5.106553E+04
    5140   1.519534E-04   5.106510E+04
    5150   1.522490E-04   5.106466E+04
    5160   1.525446E-04   5.106420E+04
    5170   1.528403E-04   5.106374E+04
    5180   1.531359E-04   5.106327E+04
    5190   1.534315E-04   5.106280E+04
    5200   1.537271E-04   5.106231E+04
    5210   1.540228E-04   5.106182E+04
    5220   1.543184E-04   5.106131E+04
    5230   1.546140E-04   5.106080E+04
    5240   1.549097E-04   5.106028E+04
    5250   1.552053E-04   5.105976E+04
    5260   1.555009E-04   5.105922E+04
    5270   1.557966E-04   5.105867E+04
    5280   1.560922E-04   5.105812E+04
    5290   1.563878E-04   5.105756E+04
    5300   1.566834E-04   5.105698E+04
    5310   1.569791E-04   5.105640E+04
    5320   1.572747E-04   5.105581E+04
    5330   1.575703E-04   5.105522E+04
    5340   1.578660E-04   5.105461E+04
    5350   1.581616E-04   5.105399E+04
    5360   1.584572E-04   5.105337E+04
    5370   1.587528E-04   5.105274E+04
    5380   1.590485E-04   5.105209E+04
    5390   1.593441E-04   5.105144E+04
    5400   1.596397E-04   5.105078E+04
    5410   1.599354E-04   5.105011E+04
    5420   1.602310E-04   5.104944E+04
    5430   1.605266E-04   5.104875E+04
    5440   1.608222E-04   5.104806E+04
    5450   1.611179E-04   5.104735E+04
    5460   1.614135E-04   5.104664E+04
    5470   1.617091E-04   5.104592E+04
    5480   1.620048E-04   5.104519E+04
    5490   1.623004E-04   5.104445E+04
    5500   1.625960E-04   5.104370E+04
    5510   1.628917E-04   5.104294E+04
    5520   1.631873E-04   5.104218E+04
    5530   1.634829E-04   5.104141E+04
    5540   1.637785E-04   5.104062E+04
    5550   1.640742E-04   5.103983E+04
    5560   1.643698E-04   5.103903E+04
    5570   1.646654E-04   5.103823E+04
    5580   1.649611E-04   5.103741E+04
    5590   1.652567E-04   5.103659E+04
    5600   1.655523E-04   5.103576E+04
    5610   1.658479E-04   5.103491E+04
    5620   1.661436E-04   5.103407E+04
    5630   1.664392E-04   5.103321E+04
    5640   1.667348E-04   5.103234E+04
    5650   1.670305E-04   5.103147E+04
    5660   1.673261E-04   5.103059E+04
    5670   1.676217E-04   5.102970E+04
    5680   1.679173E-04   5.102880E+04
    5690   1.682130E-04   5.102790E+04
    5700   1.685086E-04   5.102699E+04
    5710   1.688042E-04   5.102607E+04
    5720   1.690999E-04   5.102514E+04
    5730   1.693955E-04   5.102420E+04
    5740   1.696911E-04   5.102326E+04
    5750   1.699868E-04   5.102231E+04
    5760   1.702824E-04   5.102136E+04
    5770   1.705780E-04   5.102039E+04
    5780   1.708736E-04   5.101942E+04
    5790   1.711693E-04   5.101844E+04
    5800   1.714649E-04   5.101746E+04
    5810   1.717605E-04   5.101646E+04
    5820   1.720562E-04   5.101547E+04
    5830   1.723518E-04   5.101446E+04
    5840   1.726474E-04   5.101345E+04
    5850   1.729430E-04   5.101243E+04
    5860   1.732387E-04   5.101141E+04
    5870   1.735343E-04   5.101038E+04
    5880   1.738299E-04   5.100934E+04
    5890   1.741256E-04   5.100830E+04
    5900   1.744212E-04   5.100725E+04
    5910   1.747168E-04   5.100619E+04
    5920   1.750124E-04   5.100513E+04
    5930   1.753081E-04   5.100406E+04
    5940   1.756037E-04   5.100299E+04
    5950   1.758993E-04   5.100192E+04
    5960   1.761950E-04   5.100083E+04
    5970   1.764906E-04   5.099974E+04
    5980   1.767862E-04   5.099865E+04
    5990   1.770819E-04   5.099755E+04
    6000   1.773775E-04   5.099645E+04
    6010   1.776731E-04   5.099534E+04
    6020   1.779687E-04   5.099423E+04
    6030   1.782644E-04   5.099311E+04
    6040   1.785600E-04   5.099199E+04
    6050   1.788556E-04   5.099087E+04
    6060   1.791513E-04   5.098973E+04
    6070   1.794469E-04   5.098860E+04
    6080   1.797425E-04   5.098746E+04
    6090   1.800381E-04   5.098632E+04
    6100   1.803338E-04   5.098517E+04
    6110   1.806294E-04   5.098402E+04
    6120   1.809250E-04   5.098287E+04
    6130   1.812207E-04   5.098171E+04
    6140   1.815163E-04   5.098055E+04
    6150   1.818119E-04   5.097939E+04
    6160   1.821075E-04   5.097822E+04
    6170   1.824032E-04   5.097705E+04
    6180   1.826988E-04   5.097588E+04
    6190   1.829944E-04   5.097470E+04
    6200   1.832901E-04   5.097352E+04
    6210   1.835857E-04   5.097234E+04
    6220   1.838813E-04   5.097116E+04
    6230   1.841769E-04   5.096997E+04
    6240   1.844726E-04   5.096878E+04
    6250   1.847682E-04   5.096759E+04
    6260   1.850638E-04   5.096640E+04
    6270   1.853595E-04   5.096521E+04
    6280   1.856551E-04   5.096401E+04
    6290   1.859507E-04   5.096281E+04
    6300   1.862464E-04   5.096161E+04
    6310   1.865420E-04   5.096041E+04
    6320   1.868376E-04   5.095920E+04
    6330   1.871332E-04   5.095800E+04
    6340   1.874289E-04   5.095679E+04
    6350   1.877245E-04   5.095558E+04
    6360   1.880201E-04   5.095438E+04
    6370   1.883158E-04   5.095317E+04
    6380   1.886114E-04   5.095195E+04
    6390   1.889070E-04   5.095074E+04
    6400   1.892026E-04   5.094953E+04
    6410   1.894983E-04   5.094832E+04
    6420   1.897939E-04   5.094710E+04
    6430   1.900895E-04   5.094589E+04
    6440   1.903852E-04   5.094467E+04
    6450   1.906808E-04   5.094346E+04
    6460   1.909764E-04   5.094224E+04
    6470   1.912720E-04   5.094102E+04
    6480   1.915677E-04   5.093981E+04
    6490   1.918633E-04   5.093859E+04
    6500   1.921589E-04   5.093737E+04
    6510   1.924546E-04   5.093616E+04
    6520   1.927502E-04   5.093494E+04
    6530   1.930458E-04   5.093372E+04
    6540   1.933415E-04   5.093251E+04
    6550   1.936371E-04   5.093129E+04
    6560   1.939327E-04   5.093007E+04
    6570   1.942283E-04   5.092886E+04
    6580   1.945240E-04   5.092764E+04
    6590   1.948196E-04   5.092643E+04
    6600   1.951152E-04   5.092521E+04
    6610   1.954109E-04   5.092400E+04
    6620   1.957065E-04   5.092278E+04
    6630   1.960021E-04   5.092157E+04
    6640   1.962977E-04   5.092036E+04
    6650   1.965934E-04   5.091915E+04
    6660   1.968890E-04   5.091794E+04
    6670   1.971846E-04   5.091673E+04
    6680   1.974803E-04   5.091552E+04
    6690   1.977759E-04   5.091431E+04
    6700   1.980715E-04   5.091310E+04
    6710   1.983671E-04   5.091190E+04
    6720   1.986628E-04   5.091069E+04
    6730   1.989584E-04   5.090949E+04
    6740   1.992540E-04   5.090828E+04
    6750   1.995497E-04   5.090708E+04
    6760   1.998453E-04   5.090588E+04
