       x       pressure        density       velocity
  0.1250000E-01  0.1000000E+06  0.1000000E+01  0.0000000E+00
  0.3750000E-01  0.1000000E+06  0.1000000E+01  0.0000000E+00
  0.6250000E-01  0.1000000E+06  0.1000000E+01  0.0000000E+00
  0.8750000E-01  0.1000000E+06  0.1000000E+01  0.0000000E+00
  0.1125000E+00  0.1000000E+06  0.1000000E+01  0.0000000E+00
  0.1375000E+00  0.1000000E+06  0.1000000E+01  0.0000000E+00
  0.1625000E+00  0.1000000E+06  0.1000000E+01  0.0000000E+00
  0.1875000E+00  0.1000000E+06  0.1000000E+01  0.0000000E+00
  0.2125000E+00  0.1000000E+06  0.1000000E+01  0.0000000E+00
  0.2375000E+00  0.1000000E+06  0.1000000E+01  0.0000000E+00
  0.2625000E+00  0.1000000E+06  0.1000000E+01  0.0000000E+00
  0.2875000E+00  0.1000000E+06  0.1000000E+01  0.0000000E+00
  0.3125000E+00  0.1000000E+06  0.1000000E+01  0.0000000E+00
  0.3375000E+00  0.1000000E+06  0.1000000E+01  0.0000000E+00
  0.3625000E+00  0.1000000E+06  0.1000000E+01  0.0000000E+00
  0.3875000E+00  0.1000000E+06  0.1000000E+01  0.0000000E+00
  0.4125000E+00  0.1000000E+06  0.1000000E+01  0.0000000E+00
  0.4375000E+00  0.1000000E+06  0.1000000E+01  0.0000000E+00
  0.4625000E+00  0.1000000E+06  0.1000000E+01  0.0000000E+00
  0.4875000E+00  0.1000000E+06  0.1000000E+01  0.0000000E+00
  0.5125000E+00  0.1000000E+06  0.1000000E+01  0.0000000E+00
  0.5375000E+00  0.1000000E+06  0.1000000E+01  0.0000000E+00
  0.5625000E+00  0.1000000E+06  0.1000000E+01  0.0000000E+00
  0.5875000E+00  0.1000000E+06  0.1000000E+01  0.0000000E+00
  0.6125000E+00  0.1000000E+06  0.1000000E+01  0.0000000E+00
  0.6375000E+00  0.1000000E+06  0.1000000E+01  0.0000000E+00
  0.6625000E+00  0.1000000E+06  0.1000000E+01  0.0000000E+00
  0.6875000E+00  0.1000000E+06  0.1000000E+01  0.0000000E+00
  0.7125000E+00  0.1000000E+06  0.1000000E+01  0.0000000E+00
  0.7375000E+00  0.1000000E+06  0.1000000E+01  0.0000000E+00
  0.7625000E+00  0.1000000E+06  0.1000000E+01  0.0000000E+00
  0.7875000E+00  0.1000000E+06  0.1000000E+01  0.0000000E+00
  0.8125000E+00  0.1000000E+06  0.1000000E+01  0.0000000E+00
  0.8375000E+00  0.1000000E+06  0.1000000E+01  0.0000000E+00
  0.8625000E+00  0.1000000E+06  0.1000000E+01  0.0000000E+00
  0.8875000E+00  0.1000000E+06  0.1000000E+01  0.0000000E+00
  0.9125000E+00  0.1000000E+06  0.1000000E+01  0.0000000E+00
  0.9375000E+00  0.1000000E+06  0.1000000E+01  0.0000000E+00
  0.9625000E+00  0.1000000E+06  0.1000000E+01  0.0000000E+00
  0.9875000E+00  0.1000000E+06  0.1000000E+01  0.0000000E+00
  0.1012500E+01  0.1000000E+06  0.1000000E+01  0.0000000E+00
  0.1037500E+01  0.1000000E+06  0.1000000E+01  0.0000000E+00
  0.1062500E+01  0.1000000E+06  0.1000000E+01  0.0000000E+00
  0.1087500E+01  0.1000000E+06  0.1000000E+01  0.0000000E+00
  0.1112500E+01  0.1000000E+06  0.1000000E+01  0.0000000E+00
  0.1137500E+01  0.1000000E+06  0.1000000E+01  0.0000000E+00
  0.1162500E+01  0.1000000E+06  0.1000000E+01  0.0000000E+00
  0.1187500E+01  0.1000000E+06  0.1000000E+01  0.0000000E+00
  0.1212500E+01  0.1000000E+06  0.1000000E+01  0.0000000E+00
  0.1237500E+01  0.1000000E+06  0.1000000E+01  0.0000000E+00
  0.1262500E+01  0.1000000E+06  0.1000000E+01  0.0000000E+00
  0.1287500E+01  0.1000000E+06  0.1000000E+01  0.0000000E+00
  0.1312500E+01  0.1000000E+06  0.1000000E+01  0.0000000E+00
  0.1337500E+01  0.1000000E+06  0.1000000E+01  0.0000000E+00
  0.1362500E+01  0.1000000E+06  0.1000000E+01  0.0000000E+00
  0.1387500E+01  0.1000000E+06  0.1000000E+01  0.0000000E+00
  0.1412500E+01  0.1000000E+06  0.1000000E+01  0.0000000E+00
  0.1437500E+01  0.1000000E+06  0.1000000E+01  0.0000000E+00
  0.1462500E+01  0.1000000E+06  0.1000000E+01  0.0000000E+00
  0.1487500E+01  0.1000000E+06  0.1000000E+01  0.0000000E+00
  0.1512500E+01  0.1000000E+06  0.1000000E+01  0.0000000E+00
  0.1537500E+01  0.1000000E+06  0.1000000E+01  0.0000000E+00
  0.1562500E+01  0.1000000E+06  0.1000000E+01  0.0000000E+00
  0.1587500E+01  0.1000000E+06  0.1000000E+01  0.0000000E+00
  0.1612500E+01  0.1000000E+06  0.1000000E+01  0.0000000E+00
  0.1637500E+01  0.1000000E+06  0.1000000E+01  0.0000000E+00
  0.1662500E+01  0.1000000E+06  0.1000000E+01  0.0000000E+00
  0.1687500E+01  0.1000000E+06  0.1000000E+01  0.0000000E+00
  0.1712500E+01  0.1000000E+06  0.1000000E+01  0.0000000E+00
  0.1737500E+01  0.1000000E+06  0.1000000E+01  0.0000000E+00
  0.1762500E+01  0.1000000E+06  0.1000000E+01  0.0000000E+00
  0.1787500E+01  0.1000000E+06  0.1000000E+01  0.0000000E+00
  0.1812500E+01  0.1000000E+06  0.1000000E+01  0.0000000E+00
  0.1837500E+01  0.1000000E+06  0.1000000E+01  0.0000000E+00
  0.1862500E+01  0.1000000E+06  0.1000000E+01  0.0000000E+00
  0.1887500E+01  0.1000000E+06  0.1000000E+01  0.0000000E+00
  0.1912500E+01  0.1000000E+06  0.1000000E+01  0.0000000E+00
  0.1937500E+01  0.1000000E+06  0.1000000E+01  0.0000000E+00
  0.1962500E+01  0.1000000E+06  0.1000000E+01  0.0000000E+00
  0.1987500E+01  0.1000000E+06  0.1000000E+01  0.0000000E+00
  0.2012500E+01  0.1000000E+06  0.1000000E+01  0.0000000E+00
  0.2037500E+01  0.1000000E+06  0.1000000E+01  0.0000000E+00
  0.2062500E+01  0.1000000E+06  0.1000000E+01  0.0000000E+00
  0.2087500E+01  0.1000000E+06  0.1000000E+01  0.0000000E+00
  0.2112500E+01  0.1000000E+06  0.1000000E+01  0.0000000E+00
  0.2137500E+01  0.1000000E+06  0.1000000E+01  0.4814928E-13
  0.2162500E+01  0.1000000E+06  0.1000000E+01  0.5701912E-13
  0.2187500E+01  0.1000000E+06  0.1000000E+01  0.2045570E-12
  0.2212500E+01  0.1000000E+06  0.1000000E+01  0.6409812E-12
  0.2237500E+01  0.1000000E+06  0.1000000E+01  0.1901107E-11
  0.2262500E+01  0.1000000E+06  0.1000000E+01  0.5450076E-11
  0.2287500E+01  0.1000000E+06  0.1000000E+01  0.1516275E-10
  0.2312500E+01  0.1000000E+06  0.1000000E+01  0.4135825E-10
  0.2337500E+01  0.1000000E+06  0.1000000E+01  0.1107531E-09
  0.2362500E+01  0.1000000E+06  0.1000000E+01  0.2913574E-09
  0.2387500E+01  0.1000000E+06  0.1000000E+01  0.7531421E-09
  0.2412500E+01  0.1000000E+06  0.1000000E+01  0.1912548E-08
  0.2437500E+01  0.1000000E+06  0.1000000E+01  0.4771341E-08
  0.2462500E+01  0.1000000E+06  0.1000000E+01  0.1169401E-07
  0.2487500E+01  0.1000000E+06  0.1000000E+01  0.2815543E-07
  0.2512500E+01  0.1000000E+06  0.1000000E+01  0.6659083E-07
  0.2537500E+01  0.1000000E+06  0.1000000E+01  0.1547040E-06
  0.2562500E+01  0.1000000E+06  0.1000000E+01  0.3530219E-06
  0.2587500E+01  0.1000000E+06  0.1000000E+01  0.7912128E-06
  0.2612500E+01  0.1000000E+06  0.1000000E+01  0.1741618E-05
  0.2637500E+01  0.1000000E+06  0.1000000E+01  0.3764921E-05
  0.2662500E+01  0.1000000E+06  0.1000000E+01  0.7992400E-05
  0.2687500E+01  0.9999999E+05  0.1000000E+01  0.1666058E-04
  0.2712500E+01  0.9999999E+05  0.9999999E+00  0.3410101E-04
  0.2737500E+01  0.9999997E+05  0.9999998E+00  0.6852983E-04
  0.2762500E+01  0.9999995E+05  0.9999996E+00  0.1352065E-03
  0.2787500E+01  0.9999990E+05  0.9999993E+00  0.2618725E-03
  0.2812500E+01  0.9999981E+05  0.9999987E+00  0.4978800E-03
  0.2837500E+01  0.9999965E+05  0.9999975E+00  0.9291126E-03
  0.2862500E+01  0.9999936E+05  0.9999955E+00  0.1701714E-02
  0.2887500E+01  0.9999886E+05  0.9999918E+00  0.3058747E-02
  0.2912500E+01  0.9999798E+05  0.9999856E+00  0.5395146E-02
  0.2937500E+01  0.9999651E+05  0.9999750E+00  0.9337446E-02
  0.2962500E+01  0.9999407E+05  0.9999576E+00  0.1585554E-01
  0.2987500E+01  0.9999012E+05  0.9999294E+00  0.2641344E-01
  0.3012500E+01  0.9998385E+05  0.9998846E+00  0.4316430E-01
  0.3037500E+01  0.9997411E+05  0.9998151E+00  0.6919077E-01
  0.3062500E+01  0.9995930E+05  0.9997093E+00  0.1087848E+00
  0.3087500E+01  0.9993725E+05  0.9995517E+00  0.1677513E+00
  0.3112500E+01  0.9990511E+05  0.9993221E+00  0.2537081E+00
  0.3137500E+01  0.9985927E+05  0.9989946E+00  0.3763410E+00
  0.3162500E+01  0.9979530E+05  0.9985373E+00  0.5475666E+00
  0.3187500E+01  0.9970793E+05  0.9979128E+00  0.7815478E+00
  0.3212500E+01  0.9959118E+05  0.9970779E+00  0.1094519E+01
  0.3237500E+01  0.9943845E+05  0.9959853E+00  0.1504393E+01
  0.3262500E+01  0.9924283E+05  0.9945851E+00  0.2030155E+01
  0.3287500E+01  0.9899738E+05  0.9928270E+00  0.2691082E+01
  0.3312500E+01  0.9869551E+05  0.9906629E+00  0.3505863E+01
  0.3337500E+01  0.9833131E+05  0.9880493E+00  0.4491702E+01
  0.3362500E+01  0.9789989E+05  0.9849495E+00  0.5663516E+01
  0.3387500E+01  0.9739764E+05  0.9813354E+00  0.7033303E+01
  0.3412500E+01  0.9682234E+05  0.9771887E+00  0.8609741E+01
  0.3437500E+01            NaN            NaN            NaN
  0.3462500E+01            NaN            NaN            NaN
  0.3487500E+01            NaN            NaN            NaN
  0.3512500E+01            NaN            NaN            NaN
  0.3537500E+01            NaN            NaN            NaN
  0.3562500E+01            NaN            NaN            NaN
  0.3587500E+01            NaN            NaN            NaN
  0.3612500E+01            NaN            NaN            NaN
  0.3637500E+01            NaN            NaN            NaN
  0.3662500E+01            NaN            NaN            NaN
  0.3687500E+01            NaN            NaN            NaN
  0.3712500E+01            NaN            NaN            NaN
  0.3737500E+01            NaN            NaN            NaN
  0.3762500E+01            NaN            NaN            NaN
  0.3787500E+01            NaN            NaN            NaN
  0.3812500E+01            NaN            NaN            NaN
  0.3837500E+01            NaN            NaN            NaN
  0.3862500E+01            NaN            NaN            NaN
  0.3887500E+01            NaN            NaN            NaN
  0.3912500E+01            NaN            NaN            NaN
  0.3937500E+01            NaN            NaN            NaN
  0.3962500E+01            NaN            NaN            NaN
  0.3987500E+01            NaN            NaN            NaN
  0.4012500E+01            NaN            NaN            NaN
  0.4037500E+01            NaN            NaN            NaN
  0.4062500E+01            NaN            NaN            NaN
  0.4087500E+01            NaN            NaN            NaN
  0.4112500E+01            NaN            NaN            NaN
  0.4137500E+01            NaN            NaN            NaN
  0.4162500E+01            NaN            NaN            NaN
  0.4187500E+01            NaN            NaN            NaN
  0.4212500E+01            NaN            NaN            NaN
  0.4237500E+01            NaN            NaN            NaN
  0.4262500E+01            NaN            NaN            NaN
  0.4287500E+01            NaN            NaN            NaN
  0.4312500E+01            NaN            NaN            NaN
  0.4337500E+01            NaN            NaN            NaN
  0.4362500E+01            NaN            NaN            NaN
  0.4387500E+01            NaN            NaN            NaN
  0.4412500E+01            NaN            NaN            NaN
  0.4437500E+01            NaN            NaN            NaN
  0.4462500E+01            NaN            NaN            NaN
  0.4487500E+01            NaN            NaN            NaN
  0.4512500E+01            NaN            NaN            NaN
  0.4537500E+01            NaN            NaN            NaN
  0.4562500E+01            NaN            NaN            NaN
  0.4587500E+01            NaN            NaN            NaN
  0.4612500E+01            NaN            NaN            NaN
  0.4637500E+01            NaN            NaN            NaN
  0.4662500E+01            NaN            NaN            NaN
  0.4687500E+01            NaN            NaN            NaN
  0.4712500E+01            NaN            NaN            NaN
  0.4737500E+01            NaN            NaN            NaN
  0.4762500E+01            NaN            NaN            NaN
  0.4787500E+01            NaN            NaN            NaN
  0.4812500E+01            NaN            NaN            NaN
  0.4837500E+01            NaN            NaN            NaN
  0.4862500E+01            NaN            NaN            NaN
  0.4887500E+01            NaN            NaN            NaN
  0.4912500E+01            NaN            NaN            NaN
  0.4937500E+01            NaN            NaN            NaN
  0.4962500E+01            NaN            NaN            NaN
  0.4987500E+01            NaN            NaN            NaN
  0.5012500E+01            NaN            NaN            NaN
  0.5037500E+01            NaN            NaN            NaN
  0.5062500E+01            NaN            NaN            NaN
  0.5087500E+01            NaN            NaN            NaN
  0.5112500E+01            NaN            NaN            NaN
  0.5137500E+01            NaN            NaN            NaN
  0.5162500E+01            NaN            NaN            NaN
  0.5187500E+01            NaN            NaN            NaN
  0.5212500E+01            NaN            NaN            NaN
  0.5237500E+01            NaN            NaN            NaN
  0.5262500E+01            NaN            NaN            NaN
  0.5287500E+01            NaN            NaN            NaN
  0.5312500E+01            NaN            NaN            NaN
  0.5337500E+01            NaN            NaN            NaN
  0.5362500E+01            NaN            NaN            NaN
  0.5387500E+01            NaN            NaN            NaN
  0.5412500E+01            NaN            NaN            NaN
  0.5437500E+01            NaN            NaN            NaN
  0.5462500E+01            NaN            NaN            NaN
  0.5487500E+01            NaN            NaN            NaN
  0.5512500E+01            NaN            NaN            NaN
  0.5537500E+01            NaN            NaN            NaN
  0.5562500E+01            NaN            NaN            NaN
  0.5587500E+01            NaN            NaN            NaN
  0.5612500E+01            NaN            NaN            NaN
  0.5637500E+01            NaN            NaN            NaN
  0.5662500E+01            NaN            NaN            NaN
  0.5687500E+01            NaN            NaN            NaN
  0.5712500E+01            NaN            NaN            NaN
  0.5737500E+01            NaN            NaN            NaN
  0.5762500E+01            NaN            NaN            NaN
  0.5787500E+01            NaN            NaN            NaN
  0.5812500E+01            NaN            NaN            NaN
  0.5837500E+01            NaN            NaN            NaN
  0.5862500E+01            NaN            NaN            NaN
  0.5887500E+01            NaN            NaN            NaN
  0.5912500E+01            NaN            NaN            NaN
  0.5937500E+01            NaN            NaN            NaN
  0.5962500E+01            NaN            NaN            NaN
  0.5987500E+01            NaN            NaN            NaN
  0.6012500E+01            NaN            NaN            NaN
  0.6037500E+01            NaN            NaN            NaN
  0.6062500E+01            NaN            NaN            NaN
  0.6087500E+01            NaN            NaN            NaN
  0.6112500E+01            NaN            NaN            NaN
  0.6137500E+01            NaN            NaN            NaN
  0.6162500E+01            NaN            NaN            NaN
  0.6187500E+01            NaN            NaN            NaN
  0.6212500E+01            NaN            NaN            NaN
  0.6237500E+01            NaN            NaN            NaN
  0.6262500E+01            NaN            NaN            NaN
  0.6287500E+01            NaN            NaN            NaN
  0.6312500E+01            NaN            NaN            NaN
  0.6337500E+01            NaN            NaN            NaN
  0.6362500E+01            NaN            NaN            NaN
  0.6387500E+01            NaN            NaN            NaN
  0.6412500E+01            NaN            NaN            NaN
  0.6437500E+01            NaN            NaN            NaN
  0.6462500E+01            NaN            NaN            NaN
  0.6487500E+01            NaN            NaN            NaN
  0.6512500E+01            NaN            NaN            NaN
  0.6537500E+01            NaN            NaN            NaN
  0.6562500E+01            NaN            NaN            NaN
  0.6587500E+01            NaN            NaN            NaN
  0.6612500E+01            NaN            NaN            NaN
  0.6637500E+01            NaN            NaN            NaN
  0.6662500E+01            NaN            NaN            NaN
  0.6687500E+01            NaN            NaN            NaN
  0.6712500E+01            NaN            NaN            NaN
  0.6737500E+01            NaN            NaN            NaN
  0.6762500E+01            NaN            NaN            NaN
  0.6787500E+01            NaN            NaN            NaN
  0.6812500E+01            NaN            NaN            NaN
  0.6837500E+01            NaN            NaN            NaN
  0.6862500E+01            NaN            NaN            NaN
  0.6887500E+01            NaN            NaN            NaN
  0.6912500E+01            NaN            NaN            NaN
  0.6937500E+01            NaN            NaN            NaN
  0.6962500E+01            NaN            NaN            NaN
  0.6987500E+01            NaN            NaN            NaN
  0.7012500E+01            NaN            NaN            NaN
  0.7037500E+01            NaN            NaN            NaN
  0.7062500E+01            NaN            NaN            NaN
  0.7087500E+01            NaN            NaN            NaN
  0.7112500E+01            NaN            NaN            NaN
  0.7137500E+01            NaN            NaN            NaN
  0.7162500E+01            NaN            NaN            NaN
  0.7187500E+01            NaN            NaN            NaN
  0.7212500E+01            NaN            NaN            NaN
  0.7237500E+01            NaN            NaN            NaN
  0.7262500E+01            NaN            NaN            NaN
  0.7287500E+01            NaN            NaN            NaN
  0.7312500E+01            NaN            NaN            NaN
  0.7337500E+01            NaN            NaN            NaN
  0.7362500E+01            NaN            NaN            NaN
  0.7387500E+01            NaN            NaN            NaN
  0.7412500E+01            NaN            NaN            NaN
  0.7437500E+01            NaN            NaN            NaN
  0.7462500E+01            NaN            NaN            NaN
  0.7487500E+01            NaN            NaN            NaN
  0.7512500E+01            NaN            NaN            NaN
  0.7537500E+01            NaN            NaN            NaN
  0.7562500E+01            NaN            NaN            NaN
  0.7587500E+01            NaN            NaN            NaN
  0.7612500E+01            NaN            NaN            NaN
  0.7637500E+01            NaN            NaN            NaN
  0.7662500E+01            NaN            NaN            NaN
  0.7687500E+01            NaN            NaN            NaN
  0.7712500E+01            NaN            NaN            NaN
  0.7737500E+01            NaN            NaN            NaN
  0.7762500E+01            NaN            NaN            NaN
  0.7787500E+01            NaN            NaN            NaN
  0.7812500E+01            NaN            NaN            NaN
  0.7837500E+01            NaN            NaN            NaN
  0.7862500E+01            NaN            NaN            NaN
  0.7887500E+01            NaN            NaN            NaN
  0.7912500E+01            NaN            NaN            NaN
  0.7937500E+01            NaN            NaN            NaN
  0.7962500E+01            NaN            NaN            NaN
  0.7987500E+01            NaN            NaN            NaN
  0.8012500E+01            NaN            NaN            NaN
  0.8037500E+01            NaN            NaN            NaN
  0.8062500E+01            NaN            NaN            NaN
  0.8087500E+01            NaN            NaN            NaN
  0.8112500E+01            NaN            NaN            NaN
  0.8137500E+01            NaN            NaN            NaN
  0.8162500E+01            NaN            NaN            NaN
  0.8187500E+01            NaN            NaN            NaN
  0.8212500E+01            NaN            NaN            NaN
  0.8237500E+01            NaN            NaN            NaN
  0.8262500E+01            NaN            NaN            NaN
  0.8287500E+01            NaN            NaN            NaN
  0.8312500E+01            NaN            NaN            NaN
  0.8337500E+01            NaN            NaN            NaN
  0.8362500E+01            NaN            NaN            NaN
  0.8387500E+01            NaN            NaN            NaN
  0.8412500E+01            NaN            NaN            NaN
  0.8437500E+01  0.1055685E+04  0.1039126E-01  0.1459898E+02
  0.8462500E+01  0.1000665E+04  0.1000475E-01  0.1777311E+00
  0.8487500E+01  0.1000022E+04  0.1000016E-01  0.5920187E-02
  0.8512500E+01  0.1000001E+04  0.1000001E-01  0.2234025E-03
  0.8537500E+01  0.1000000E+04  0.1000000E-01  0.8746017E-05
  0.8562500E+01  0.1000000E+04  0.1000000E-01  0.3513148E-06
  0.8587500E+01  0.1000000E+04  0.1000000E-01  0.1448477E-07
  0.8612500E+01  0.1000000E+04  0.1000000E-01  0.6149325E-09
  0.8637500E+01  0.1000000E+04  0.1000000E-01  0.2698087E-10
  0.8662500E+01  0.1000000E+04  0.1000000E-01  0.1198783E-11
  0.8687500E+01  0.1000000E+04  0.1000000E-01  0.5642493E-13
  0.8712500E+01  0.1000000E+04  0.1000000E-01  0.0000000E+00
  0.8737500E+01  0.1000000E+04  0.1000000E-01  0.0000000E+00
  0.8762500E+01  0.1000000E+04  0.1000000E-01  0.0000000E+00
  0.8787500E+01  0.1000000E+04  0.1000000E-01  0.0000000E+00
  0.8812500E+01  0.1000000E+04  0.1000000E-01  0.0000000E+00
  0.8837500E+01  0.1000000E+04  0.1000000E-01  0.0000000E+00
  0.8862500E+01  0.1000000E+04  0.1000000E-01  0.0000000E+00
  0.8887500E+01  0.1000000E+04  0.1000000E-01  0.0000000E+00
  0.8912500E+01  0.1000000E+04  0.1000000E-01  0.0000000E+00
  0.8937500E+01  0.1000000E+04  0.1000000E-01  0.0000000E+00
  0.8962500E+01  0.1000000E+04  0.1000000E-01  0.0000000E+00
  0.8987500E+01  0.1000000E+04  0.1000000E-01  0.0000000E+00
  0.9012500E+01  0.1000000E+04  0.1000000E-01  0.0000000E+00
  0.9037500E+01  0.1000000E+04  0.1000000E-01  0.0000000E+00
  0.9062500E+01  0.1000000E+04  0.1000000E-01  0.0000000E+00
  0.9087500E+01  0.1000000E+04  0.1000000E-01  0.0000000E+00
  0.9112500E+01  0.1000000E+04  0.1000000E-01  0.0000000E+00
  0.9137500E+01  0.1000000E+04  0.1000000E-01  0.0000000E+00
  0.9162500E+01  0.1000000E+04  0.1000000E-01  0.0000000E+00
  0.9187500E+01  0.1000000E+04  0.1000000E-01  0.0000000E+00
  0.9212500E+01  0.1000000E+04  0.1000000E-01  0.0000000E+00
  0.9237500E+01  0.1000000E+04  0.1000000E-01  0.0000000E+00
  0.9262500E+01  0.1000000E+04  0.1000000E-01  0.0000000E+00
  0.9287500E+01  0.1000000E+04  0.1000000E-01  0.0000000E+00
  0.9312500E+01  0.1000000E+04  0.1000000E-01  0.0000000E+00
  0.9337500E+01  0.1000000E+04  0.1000000E-01  0.0000000E+00
  0.9362500E+01  0.1000000E+04  0.1000000E-01  0.0000000E+00
  0.9387500E+01  0.1000000E+04  0.1000000E-01  0.0000000E+00
  0.9412500E+01  0.1000000E+04  0.1000000E-01  0.0000000E+00
  0.9437500E+01  0.1000000E+04  0.1000000E-01  0.0000000E+00
  0.9462500E+01  0.1000000E+04  0.1000000E-01  0.0000000E+00
  0.9487500E+01  0.1000000E+04  0.1000000E-01  0.0000000E+00
  0.9512500E+01  0.1000000E+04  0.1000000E-01  0.0000000E+00
  0.9537500E+01  0.1000000E+04  0.1000000E-01  0.0000000E+00
  0.9562500E+01  0.1000000E+04  0.1000000E-01  0.0000000E+00
  0.9587500E+01  0.1000000E+04  0.1000000E-01  0.0000000E+00
  0.9612500E+01  0.1000000E+04  0.1000000E-01  0.0000000E+00
  0.9637500E+01  0.1000000E+04  0.1000000E-01  0.0000000E+00
  0.9662500E+01  0.1000000E+04  0.1000000E-01  0.0000000E+00
  0.9687500E+01  0.1000000E+04  0.1000000E-01  0.0000000E+00
  0.9712500E+01  0.1000000E+04  0.1000000E-01  0.0000000E+00
  0.9737500E+01  0.1000000E+04  0.1000000E-01  0.0000000E+00
  0.9762500E+01  0.1000000E+04  0.1000000E-01  0.0000000E+00
  0.9787500E+01  0.1000000E+04  0.1000000E-01  0.0000000E+00
  0.9812500E+01  0.1000000E+04  0.1000000E-01  0.0000000E+00
  0.9837500E+01  0.1000000E+04  0.1000000E-01  0.0000000E+00
  0.9862500E+01  0.1000000E+04  0.1000000E-01  0.0000000E+00
  0.9887500E+01  0.1000000E+04  0.1000000E-01  0.0000000E+00
  0.9912500E+01  0.1000000E+04  0.1000000E-01  0.0000000E+00
  0.9937500E+01  0.1000000E+04  0.1000000E-01  0.0000000E+00
  0.9962500E+01  0.1000000E+04  0.1000000E-01  0.0000000E+00
  0.9987500E+01  0.1000000E+04  0.1000000E-01  0.0000000E+00
