 X, density, velocity, pressure, speed_of_sound, Mach_number, entropy
  0.00000000000000E+00  0.10000000000000E+01  0.00000000000000E+00  0.10000000000000E+06  0.37416573867739E+03  0.00000000000000E+00  0.82605240211161E+04
  0.25000000000000E-01  0.10000000000000E+01  0.00000000000000E+00  0.10000000000000E+06  0.37416573867739E+03  0.00000000000000E+00  0.82605240211161E+04
  0.50000000000000E-01  0.10000000000000E+01  0.00000000000000E+00  0.10000000000000E+06  0.37416573867739E+03  0.00000000000000E+00  0.82605240211161E+04
  0.75000000000000E-01  0.10000000000000E+01  0.00000000000000E+00  0.10000000000000E+06  0.37416573867739E+03  0.00000000000000E+00  0.82605240211161E+04
  0.10000000000000E+00  0.10000000000000E+01  0.00000000000000E+00  0.10000000000000E+06  0.37416573867739E+03  0.00000000000000E+00  0.82605240211161E+04
  0.12500000000000E+00  0.10000000000000E+01  0.00000000000000E+00  0.10000000000000E+06  0.37416573867739E+03  0.00000000000000E+00  0.82605240211161E+04
  0.15000000000000E+00  0.10000000000000E+01  0.00000000000000E+00  0.10000000000000E+06  0.37416573867739E+03  0.00000000000000E+00  0.82605240211161E+04
  0.17500000000000E+00  0.10000000000000E+01  0.00000000000000E+00  0.10000000000000E+06  0.37416573867739E+03  0.00000000000000E+00  0.82605240211161E+04
  0.20000000000000E+00  0.10000000000000E+01  0.00000000000000E+00  0.10000000000000E+06  0.37416573867739E+03  0.00000000000000E+00  0.82605240211161E+04
  0.22500000000000E+00  0.10000000000000E+01  0.00000000000000E+00  0.10000000000000E+06  0.37416573867739E+03  0.00000000000000E+00  0.82605240211161E+04
  0.25000000000000E+00  0.10000000000000E+01  0.00000000000000E+00  0.10000000000000E+06  0.37416573867739E+03  0.00000000000000E+00  0.82605240211161E+04
  0.27500000000000E+00  0.10000000000000E+01  0.00000000000000E+00  0.10000000000000E+06  0.37416573867739E+03  0.00000000000000E+00  0.82605240211161E+04
  0.30000000000000E+00  0.10000000000000E+01  0.00000000000000E+00  0.10000000000000E+06  0.37416573867739E+03  0.00000000000000E+00  0.82605240211161E+04
  0.32500000000000E+00  0.10000000000000E+01  0.00000000000000E+00  0.10000000000000E+06  0.37416573867739E+03  0.00000000000000E+00  0.82605240211161E+04
  0.35000000000000E+00  0.10000000000000E+01  0.00000000000000E+00  0.10000000000000E+06  0.37416573867739E+03  0.00000000000000E+00  0.82605240211161E+04
  0.37500000000000E+00  0.10000000000000E+01  0.00000000000000E+00  0.10000000000000E+06  0.37416573867739E+03  0.00000000000000E+00  0.82605240211161E+04
  0.40000000000000E+00  0.10000000000000E+01  0.00000000000000E+00  0.10000000000000E+06  0.37416573867739E+03  0.00000000000000E+00  0.82605240211161E+04
  0.42500000000000E+00  0.10000000000000E+01  0.00000000000000E+00  0.10000000000000E+06  0.37416573867739E+03  0.00000000000000E+00  0.82605240211161E+04
  0.45000000000000E+00  0.10000000000000E+01  0.00000000000000E+00  0.10000000000000E+06  0.37416573867739E+03  0.00000000000000E+00  0.82605240211161E+04
  0.47500000000000E+00  0.10000000000000E+01  0.00000000000000E+00  0.10000000000000E+06  0.37416573867739E+03  0.00000000000000E+00  0.82605240211161E+04
  0.50000000000000E+00  0.10000000000000E+01  0.00000000000000E+00  0.10000000000000E+06  0.37416573867739E+03  0.00000000000000E+00  0.82605240211161E+04
  0.52500000000000E+00  0.10000000000000E+01  0.00000000000000E+00  0.10000000000000E+06  0.37416573867739E+03  0.00000000000000E+00  0.82605240211161E+04
  0.55000000000000E+00  0.10000000000000E+01  0.00000000000000E+00  0.10000000000000E+06  0.37416573867739E+03  0.00000000000000E+00  0.82605240211161E+04
  0.57500000000000E+00  0.10000000000000E+01  0.00000000000000E+00  0.10000000000000E+06  0.37416573867739E+03  0.00000000000000E+00  0.82605240211161E+04
  0.60000000000000E+00  0.10000000000000E+01  0.00000000000000E+00  0.10000000000000E+06  0.37416573867739E+03  0.00000000000000E+00  0.82605240211161E+04
  0.62500000000000E+00  0.10000000000000E+01  0.00000000000000E+00  0.10000000000000E+06  0.37416573867739E+03  0.00000000000000E+00  0.82605240211161E+04
  0.65000000000000E+00  0.10000000000000E+01  0.00000000000000E+00  0.10000000000000E+06  0.37416573867739E+03  0.00000000000000E+00  0.82605240211161E+04
  0.67500000000000E+00  0.10000000000000E+01  0.00000000000000E+00  0.10000000000000E+06  0.37416573867739E+03  0.00000000000000E+00  0.82605240211161E+04
  0.70000000000000E+00  0.10000000000000E+01  0.00000000000000E+00  0.10000000000000E+06  0.37416573867739E+03  0.00000000000000E+00  0.82605240211161E+04
  0.72500000000000E+00  0.10000000000000E+01  0.00000000000000E+00  0.10000000000000E+06  0.37416573867739E+03  0.00000000000000E+00  0.82605240211161E+04
  0.75000000000000E+00  0.10000000000000E+01  0.00000000000000E+00  0.10000000000000E+06  0.37416573867739E+03  0.00000000000000E+00  0.82605240211161E+04
  0.77500000000000E+00  0.10000000000000E+01  0.00000000000000E+00  0.10000000000000E+06  0.37416573867739E+03  0.00000000000000E+00  0.82605240211161E+04
  0.80000000000000E+00  0.10000000000000E+01  0.00000000000000E+00  0.10000000000000E+06  0.37416573867739E+03  0.00000000000000E+00  0.82605240211161E+04
  0.82500000000000E+00  0.10000000000000E+01  0.00000000000000E+00  0.10000000000000E+06  0.37416573867739E+03  0.00000000000000E+00  0.82605240211161E+04
  0.85000000000000E+00  0.10000000000000E+01  0.00000000000000E+00  0.10000000000000E+06  0.37416573867739E+03  0.00000000000000E+00  0.82605240211161E+04
  0.87500000000000E+00  0.10000000000000E+01  0.00000000000000E+00  0.10000000000000E+06  0.37416573867739E+03  0.00000000000000E+00  0.82605240211161E+04
  0.90000000000000E+00  0.10000000000000E+01  0.00000000000000E+00  0.10000000000000E+06  0.37416573867739E+03  0.00000000000000E+00  0.82605240211161E+04
  0.92500000000000E+00  0.10000000000000E+01  0.00000000000000E+00  0.10000000000000E+06  0.37416573867739E+03  0.00000000000000E+00  0.82605240211161E+04
  0.95000000000000E+00  0.10000000000000E+01  0.00000000000000E+00  0.10000000000000E+06  0.37416573867739E+03  0.00000000000000E+00  0.82605240211161E+04
  0.97500000000000E+00  0.10000000000000E+01  0.00000000000000E+00  0.10000000000000E+06  0.37416573867739E+03  0.00000000000000E+00  0.82605240211161E+04
  0.10000000000000E+01  0.10000000000000E+01  0.00000000000000E+00  0.10000000000000E+06  0.37416573867739E+03  0.00000000000000E+00  0.82605240211161E+04
  0.10250000000000E+01  0.10000000000000E+01  0.00000000000000E+00  0.10000000000000E+06  0.37416573867739E+03  0.00000000000000E+00  0.82605240211161E+04
  0.10500000000000E+01  0.10000000000000E+01  0.00000000000000E+00  0.10000000000000E+06  0.37416573867739E+03  0.00000000000000E+00  0.82605240211161E+04
  0.10750000000000E+01  0.10000000000000E+01  0.00000000000000E+00  0.10000000000000E+06  0.37416573867739E+03  0.00000000000000E+00  0.82605240211161E+04
  0.11000000000000E+01  0.10000000000000E+01  0.00000000000000E+00  0.10000000000000E+06  0.37416573867739E+03  0.00000000000000E+00  0.82605240211161E+04
  0.11250000000000E+01  0.10000000000000E+01  0.00000000000000E+00  0.10000000000000E+06  0.37416573867739E+03  0.00000000000000E+00  0.82605240211161E+04
  0.11500000000000E+01  0.10000000000000E+01  0.00000000000000E+00  0.10000000000000E+06  0.37416573867739E+03  0.00000000000000E+00  0.82605240211161E+04
  0.11750000000000E+01  0.10000000000000E+01  0.00000000000000E+00  0.10000000000000E+06  0.37416573867739E+03  0.00000000000000E+00  0.82605240211161E+04
  0.12000000000000E+01  0.10000000000000E+01  0.00000000000000E+00  0.10000000000000E+06  0.37416573867739E+03  0.00000000000000E+00  0.82605240211161E+04
  0.12250000000000E+01  0.10000000000000E+01  0.00000000000000E+00  0.10000000000000E+06  0.37416573867739E+03  0.00000000000000E+00  0.82605240211161E+04
  0.12500000000000E+01  0.10000000000000E+01  0.00000000000000E+00  0.10000000000000E+06  0.37416573867739E+03  0.00000000000000E+00  0.82605240211161E+04
  0.12750000000000E+01  0.10000000000000E+01  0.00000000000000E+00  0.10000000000000E+06  0.37416573867739E+03  0.00000000000000E+00  0.82605240211161E+04
  0.13000000000000E+01  0.10000000000000E+01  0.00000000000000E+00  0.10000000000000E+06  0.37416573867739E+03  0.00000000000000E+00  0.82605240211161E+04
  0.13250000000000E+01  0.10000000000000E+01  0.00000000000000E+00  0.10000000000000E+06  0.37416573867739E+03  0.00000000000000E+00  0.82605240211161E+04
  0.13500000000000E+01  0.10000000000000E+01  0.00000000000000E+00  0.10000000000000E+06  0.37416573867739E+03  0.00000000000000E+00  0.82605240211161E+04
  0.13750000000000E+01  0.10000000000000E+01  0.00000000000000E+00  0.10000000000000E+06  0.37416573867739E+03  0.00000000000000E+00  0.82605240211161E+04
  0.14000000000000E+01  0.10000000000000E+01  0.00000000000000E+00  0.10000000000000E+06  0.37416573867739E+03  0.00000000000000E+00  0.82605240211161E+04
  0.14250000000000E+01  0.10000000000000E+01  0.00000000000000E+00  0.10000000000000E+06  0.37416573867739E+03  0.00000000000000E+00  0.82605240211161E+04
  0.14500000000000E+01  0.10000000000000E+01  0.00000000000000E+00  0.10000000000000E+06  0.37416573867739E+03  0.00000000000000E+00  0.82605240211161E+04
  0.14750000000000E+01  0.10000000000000E+01  0.00000000000000E+00  0.10000000000000E+06  0.37416573867739E+03  0.00000000000000E+00  0.82605240211161E+04
  0.15000000000000E+01  0.10000000000000E+01  0.00000000000000E+00  0.10000000000000E+06  0.37416573867739E+03  0.00000000000000E+00  0.82605240211161E+04
  0.15250000000000E+01  0.10000000000000E+01  0.00000000000000E+00  0.10000000000000E+06  0.37416573867739E+03  0.00000000000000E+00  0.82605240211161E+04
  0.15500000000000E+01  0.10000000000000E+01  0.00000000000000E+00  0.10000000000000E+06  0.37416573867739E+03  0.00000000000000E+00  0.82605240211161E+04
  0.15750000000000E+01  0.10000000000000E+01  0.00000000000000E+00  0.10000000000000E+06  0.37416573867739E+03  0.00000000000000E+00  0.82605240211161E+04
  0.16000000000000E+01  0.10000000000000E+01  0.00000000000000E+00  0.10000000000000E+06  0.37416573867739E+03  0.00000000000000E+00  0.82605240211161E+04
  0.16250000000000E+01  0.10000000000000E+01  0.00000000000000E+00  0.10000000000000E+06  0.37416573867739E+03  0.00000000000000E+00  0.82605240211161E+04
  0.16500000000000E+01  0.10000000000000E+01  0.00000000000000E+00  0.10000000000000E+06  0.37416573867739E+03  0.00000000000000E+00  0.82605240211161E+04
  0.16750000000000E+01  0.10000000000000E+01  0.00000000000000E+00  0.10000000000000E+06  0.37416573867739E+03  0.00000000000000E+00  0.82605240211161E+04
  0.17000000000000E+01  0.10000000000000E+01  0.00000000000000E+00  0.10000000000000E+06  0.37416573867739E+03  0.00000000000000E+00  0.82605240211161E+04
  0.17250000000000E+01  0.10000000000000E+01  0.00000000000000E+00  0.10000000000000E+06  0.37416573867739E+03  0.00000000000000E+00  0.82605240211161E+04
  0.17500000000000E+01  0.10000000000000E+01  0.00000000000000E+00  0.10000000000000E+06  0.37416573867739E+03  0.00000000000000E+00  0.82605240211161E+04
  0.17750000000000E+01  0.10000000000000E+01  0.00000000000000E+00  0.10000000000000E+06  0.37416573867739E+03  0.00000000000000E+00  0.82605240211161E+04
  0.18000000000000E+01  0.10000000000000E+01  0.00000000000000E+00  0.10000000000000E+06  0.37416573867739E+03  0.00000000000000E+00  0.82605240211161E+04
  0.18250000000000E+01  0.10000000000000E+01  0.00000000000000E+00  0.10000000000000E+06  0.37416573867739E+03  0.00000000000000E+00  0.82605240211161E+04
  0.18500000000000E+01  0.10000000000000E+01  0.00000000000000E+00  0.10000000000000E+06  0.37416573867739E+03  0.00000000000000E+00  0.82605240211161E+04
  0.18750000000000E+01  0.10000000000000E+01  0.00000000000000E+00  0.10000000000000E+06  0.37416573867739E+03  0.00000000000000E+00  0.82605240211161E+04
  0.19000000000000E+01  0.10000000000000E+01  0.00000000000000E+00  0.10000000000000E+06  0.37416573867739E+03  0.00000000000000E+00  0.82605240211161E+04
  0.19250000000000E+01  0.10000000000000E+01  0.00000000000000E+00  0.10000000000000E+06  0.37416573867739E+03  0.00000000000000E+00  0.82605240211161E+04
  0.19500000000000E+01  0.10000000000000E+01  0.00000000000000E+00  0.10000000000000E+06  0.37416573867739E+03  0.00000000000000E+00  0.82605240211161E+04
  0.19750000000000E+01  0.10000000000000E+01  0.00000000000000E+00  0.10000000000000E+06  0.37416573867739E+03  0.00000000000000E+00  0.82605240211161E+04
  0.20000000000000E+01  0.10000000000000E+01  0.00000000000000E+00  0.10000000000000E+06  0.37416573867739E+03  0.00000000000000E+00  0.82605240211161E+04
  0.20250000000000E+01  0.10000000000000E+01  0.00000000000000E+00  0.10000000000000E+06  0.37416573867739E+03  0.00000000000000E+00  0.82605240211161E+04
  0.20500000000000E+01  0.10000000000000E+01  0.00000000000000E+00  0.10000000000000E+06  0.37416573867739E+03  0.00000000000000E+00  0.82605240211161E+04
  0.20750000000000E+01  0.10000000000000E+01  0.00000000000000E+00  0.10000000000000E+06  0.37416573867739E+03  0.00000000000000E+00  0.82605240211161E+04
  0.21000000000000E+01  0.10000000000000E+01  0.00000000000000E+00  0.10000000000000E+06  0.37416573867739E+03  0.00000000000000E+00  0.82605240211161E+04
  0.21250000000000E+01  0.10000000000000E+01  0.00000000000000E+00  0.10000000000000E+06  0.37416573867739E+03  0.00000000000000E+00  0.82605240211161E+04
  0.21500000000000E+01  0.10000000000000E+01  0.00000000000000E+00  0.10000000000000E+06  0.37416573867739E+03  0.00000000000000E+00  0.82605240211161E+04
  0.21750000000000E+01  0.10000000000000E+01  0.00000000000000E+00  0.10000000000000E+06  0.37416573867739E+03  0.00000000000000E+00  0.82605240211161E+04
  0.22000000000000E+01  0.10000000000000E+01  0.00000000000000E+00  0.10000000000000E+06  0.37416573867739E+03  0.00000000000000E+00  0.82605240211161E+04
  0.22250000000000E+01  0.10000000000000E+01  0.00000000000000E+00  0.10000000000000E+06  0.37416573867739E+03  0.00000000000000E+00  0.82605240211161E+04
  0.22500000000000E+01  0.10000000000000E+01  0.00000000000000E+00  0.10000000000000E+06  0.37416573867739E+03  0.00000000000000E+00  0.82605240211161E+04
  0.22750000000000E+01  0.10000000000000E+01  0.00000000000000E+00  0.10000000000000E+06  0.37416573867739E+03  0.00000000000000E+00  0.82605240211161E+04
  0.23000000000000E+01  0.10000000000000E+01  0.00000000000000E+00  0.10000000000000E+06  0.37416573867739E+03  0.00000000000000E+00  0.82605240211161E+04
  0.23250000000000E+01  0.10000000000000E+01  0.00000000000000E+00  0.10000000000000E+06  0.37416573867739E+03  0.00000000000000E+00  0.82605240211161E+04
  0.23500000000000E+01  0.10000000000000E+01  0.00000000000000E+00  0.10000000000000E+06  0.37416573867739E+03  0.00000000000000E+00  0.82605240211161E+04
  0.23750000000000E+01  0.10000000000000E+01  0.00000000000000E+00  0.10000000000000E+06  0.37416573867739E+03  0.00000000000000E+00  0.82605240211161E+04
  0.24000000000000E+01  0.10000000000000E+01  0.00000000000000E+00  0.10000000000000E+06  0.37416573867739E+03  0.00000000000000E+00  0.82605240211161E+04
  0.24250000000000E+01  0.10000000000000E+01  0.00000000000000E+00  0.10000000000000E+06  0.37416573867739E+03  0.00000000000000E+00  0.82605240211161E+04
  0.24500000000000E+01  0.10000000000000E+01  0.00000000000000E+00  0.10000000000000E+06  0.37416573867739E+03  0.00000000000000E+00  0.82605240211161E+04
  0.24750000000000E+01  0.10000000000000E+01  0.00000000000000E+00  0.10000000000000E+06  0.37416573867739E+03  0.00000000000000E+00  0.82605240211161E+04
  0.25000000000000E+01  0.10000000000000E+01  0.00000000000000E+00  0.10000000000000E+06  0.37416573867739E+03  0.00000000000000E+00  0.82605240211161E+04
  0.25250000000000E+01  0.10000000000000E+01  0.00000000000000E+00  0.10000000000000E+06  0.37416573867739E+03  0.00000000000000E+00  0.82605240211161E+04
  0.25500000000000E+01  0.10000000000000E+01  0.00000000000000E+00  0.10000000000000E+06  0.37416573867739E+03  0.00000000000000E+00  0.82605240211161E+04
  0.25750000000000E+01  0.10000000000000E+01  0.00000000000000E+00  0.10000000000000E+06  0.37416573867739E+03  0.00000000000000E+00  0.82605240211161E+04
  0.26000000000000E+01  0.10000000000000E+01  0.00000000000000E+00  0.10000000000000E+06  0.37416573867739E+03  0.00000000000000E+00  0.82605240211161E+04
  0.26250000000000E+01  0.10000000000000E+01  0.00000000000000E+00  0.10000000000000E+06  0.37416573867739E+03  0.00000000000000E+00  0.82605240211161E+04
  0.26500000000000E+01  0.10000000000000E+01  0.00000000000000E+00  0.10000000000000E+06  0.37416573867739E+03  0.00000000000000E+00  0.82605240211161E+04
  0.26750000000000E+01  0.10000000000000E+01  0.00000000000000E+00  0.10000000000000E+06  0.37416573867739E+03  0.00000000000000E+00  0.82605240211161E+04
  0.27000000000000E+01  0.10000000000000E+01  0.00000000000000E+00  0.10000000000000E+06  0.37416573867739E+03  0.00000000000000E+00  0.82605240211161E+04
  0.27250000000000E+01  0.10000000000000E+01  0.00000000000000E+00  0.10000000000000E+06  0.37416573867739E+03  0.00000000000000E+00  0.82605240211161E+04
  0.27500000000000E+01  0.10000000000000E+01  0.00000000000000E+00  0.10000000000000E+06  0.37416573867739E+03  0.00000000000000E+00  0.82605240211161E+04
  0.27750000000000E+01  0.10000000000000E+01  0.00000000000000E+00  0.10000000000000E+06  0.37416573867739E+03  0.00000000000000E+00  0.82605240211161E+04
  0.28000000000000E+01  0.10000000000000E+01  0.00000000000000E+00  0.10000000000000E+06  0.37416573867739E+03  0.00000000000000E+00  0.82605240211161E+04
  0.28250000000000E+01  0.10000000000000E+01  0.00000000000000E+00  0.10000000000000E+06  0.37416573867739E+03  0.00000000000000E+00  0.82605240211161E+04
  0.28500000000000E+01  0.10000000000000E+01  0.00000000000000E+00  0.10000000000000E+06  0.37416573867739E+03  0.00000000000000E+00  0.82605240211161E+04
  0.28750000000000E+01  0.10000000000000E+01  0.00000000000000E+00  0.10000000000000E+06  0.37416573867739E+03  0.00000000000000E+00  0.82605240211161E+04
  0.29000000000000E+01  0.10000000000000E+01  0.00000000000000E+00  0.10000000000000E+06  0.37416573867739E+03  0.00000000000000E+00  0.82605240211161E+04
  0.29250000000000E+01  0.10000000000000E+01  0.00000000000000E+00  0.10000000000000E+06  0.37416573867739E+03  0.00000000000000E+00  0.82605240211161E+04
  0.29500000000000E+01  0.10000000000000E+01  0.00000000000000E+00  0.10000000000000E+06  0.37416573867739E+03  0.00000000000000E+00  0.82605240211161E+04
  0.29750000000000E+01  0.10000000000000E+01  0.00000000000000E+00  0.10000000000000E+06  0.37416573867739E+03  0.00000000000000E+00  0.82605240211161E+04
  0.30000000000000E+01  0.10000000000000E+01  0.00000000000000E+00  0.10000000000000E+06  0.37416573867739E+03  0.00000000000000E+00  0.82605240211161E+04
  0.30250000000000E+01  0.10000000000000E+01  0.00000000000000E+00  0.10000000000000E+06  0.37416573867739E+03  0.00000000000000E+00  0.82605240211161E+04
  0.30500000000000E+01  0.10000000000000E+01  0.00000000000000E+00  0.10000000000000E+06  0.37416573867739E+03  0.00000000000000E+00  0.82605240211161E+04
  0.30750000000000E+01  0.10000000000000E+01  0.00000000000000E+00  0.10000000000000E+06  0.37416573867739E+03  0.00000000000000E+00  0.82605240211161E+04
  0.31000000000000E+01  0.10000000000000E+01  0.00000000000000E+00  0.10000000000000E+06  0.37416573867739E+03  0.00000000000000E+00  0.82605240211161E+04
  0.31250000000000E+01  0.10000000000000E+01  0.00000000000000E+00  0.10000000000000E+06  0.37416573867739E+03  0.00000000000000E+00  0.82605240211161E+04
  0.31500000000000E+01  0.10000000000000E+01  0.00000000000000E+00  0.10000000000000E+06  0.37416573867739E+03  0.00000000000000E+00  0.82605240211161E+04
  0.31750000000000E+01  0.10000000000000E+01  0.00000000000000E+00  0.10000000000000E+06  0.37416573867739E+03  0.00000000000000E+00  0.82605240211161E+04
  0.32000000000000E+01  0.10000000000000E+01  0.00000000000000E+00  0.10000000000000E+06  0.37416573867739E+03  0.00000000000000E+00  0.82605240211161E+04
  0.32250000000000E+01  0.10000000000000E+01  0.00000000000000E+00  0.10000000000000E+06  0.37416573867739E+03  0.00000000000000E+00  0.82605240211161E+04
  0.32500000000000E+01  0.10000000000000E+01  0.00000000000000E+00  0.10000000000000E+06  0.37416573867739E+03  0.00000000000000E+00  0.82605240211161E+04
  0.32750000000000E+01  0.10000000000000E+01  0.00000000000000E+00  0.10000000000000E+06  0.37416573867739E+03  0.00000000000000E+00  0.82605240211161E+04
  0.33000000000000E+01  0.10000000000000E+01  0.00000000000000E+00  0.10000000000000E+06  0.37416573867739E+03  0.00000000000000E+00  0.82605240211161E+04
  0.33250000000000E+01  0.10000000000000E+01  0.00000000000000E+00  0.10000000000000E+06  0.37416573867739E+03  0.00000000000000E+00  0.82605240211161E+04
  0.33500000000000E+01  0.10000000000000E+01  0.00000000000000E+00  0.10000000000000E+06  0.37416573867739E+03  0.00000000000000E+00  0.82605240211161E+04
  0.33750000000000E+01  0.10000000000000E+01  0.00000000000000E+00  0.10000000000000E+06  0.37416573867739E+03  0.00000000000000E+00  0.82605240211161E+04
  0.34000000000000E+01  0.10000000000000E+01  0.00000000000000E+00  0.10000000000000E+06  0.37416573867739E+03  0.00000000000000E+00  0.82605240211161E+04
  0.34250000000000E+01  0.10000000000000E+01  0.00000000000000E+00  0.10000000000000E+06  0.37416573867739E+03  0.00000000000000E+00  0.82605240211161E+04
  0.34500000000000E+01  0.10000000000000E+01  0.00000000000000E+00  0.10000000000000E+06  0.37416573867739E+03  0.00000000000000E+00  0.82605240211161E+04
  0.34750000000000E+01  0.10000000000000E+01  0.00000000000000E+00  0.10000000000000E+06  0.37416573867739E+03  0.00000000000000E+00  0.82605240211161E+04
  0.35000000000000E+01  0.10000000000000E+01  0.00000000000000E+00  0.10000000000000E+06  0.37416573867739E+03  0.00000000000000E+00  0.82605240211161E+04
  0.35250000000000E+01  0.10000000000000E+01  0.00000000000000E+00  0.10000000000000E+06  0.37416573867739E+03  0.00000000000000E+00  0.82605240211161E+04
  0.35500000000000E+01  0.64642857142857E+00  0.20465418855835E+03  0.45085082872928E+05  0.31247852952707E+03  0.65493840126581E+00  0.81272059558300E+04
  0.35750000000000E+01  0.64642857142857E+00  0.20465418855835E+03  0.45085082872928E+05  0.31247852952707E+03  0.65493840126581E+00  0.81272059558300E+04
  0.36000000000000E+01  0.64642857142857E+00  0.20465418855835E+03  0.45085082872928E+05  0.31247852952707E+03  0.65493840126581E+00  0.81272059558300E+04
  0.36250000000000E+01  0.64642857142857E+00  0.20465418855835E+03  0.45085082872928E+05  0.31247852952707E+03  0.65493840126581E+00  0.81272059558300E+04
  0.36500000000000E+01  0.64642857142857E+00  0.20465418855835E+03  0.45085082872928E+05  0.31247852952707E+03  0.65493840126581E+00  0.81272059558300E+04
  0.36750000000000E+01  0.64642857142857E+00  0.20465418855835E+03  0.45085082872928E+05  0.31247852952707E+03  0.65493840126581E+00  0.81272059558300E+04
  0.37000000000000E+01  0.64642857142857E+00  0.20465418855835E+03  0.45085082872928E+05  0.31247852952707E+03  0.65493840126581E+00  0.81272059558300E+04
  0.37250000000000E+01  0.64642857142857E+00  0.20465418855835E+03  0.45085082872928E+05  0.31247852952707E+03  0.65493840126581E+00  0.81272059558300E+04
  0.37500000000000E+01  0.64642857142857E+00  0.20465418855835E+03  0.45085082872928E+05  0.31247852952707E+03  0.65493840126581E+00  0.81272059558300E+04
  0.37750000000000E+01  0.64642857142857E+00  0.20465418855835E+03  0.45085082872928E+05  0.31247852952707E+03  0.65493840126581E+00  0.81272059558300E+04
  0.38000000000000E+01  0.64642857142857E+00  0.20465418855835E+03  0.45085082872928E+05  0.31247852952707E+03  0.65493840126581E+00  0.81272059558300E+04
  0.38250000000000E+01  0.64642857142857E+00  0.20465418855835E+03  0.45085082872928E+05  0.31247852952707E+03  0.65493840126581E+00  0.81272059558300E+04
  0.38500000000000E+01  0.64642857142857E+00  0.20465418855835E+03  0.45085082872928E+05  0.31247852952707E+03  0.65493840126581E+00  0.81272059558300E+04
  0.38750000000000E+01  0.64642857142857E+00  0.20465418855835E+03  0.45085082872928E+05  0.31247852952707E+03  0.65493840126581E+00  0.81272059558300E+04
  0.39000000000000E+01  0.64642857142857E+00  0.20465418855835E+03  0.45085082872928E+05  0.31247852952707E+03  0.65493840126581E+00  0.81272059558300E+04
  0.39250000000000E+01  0.64642857142857E+00  0.20465418855835E+03  0.45085082872928E+05  0.31247852952707E+03  0.65493840126581E+00  0.81272059558300E+04
  0.39500000000000E+01  0.64642857142857E+00  0.20465418855835E+03  0.45085082872928E+05  0.31247852952707E+03  0.65493840126581E+00  0.81272059558300E+04
  0.39750000000000E+01  0.64642857142857E+00  0.20465418855835E+03  0.45085082872928E+05  0.31247852952707E+03  0.65493840126581E+00  0.81272059558300E+04
  0.40000000000000E+01  0.64642857142857E+00  0.20465418855835E+03  0.45085082872928E+05  0.31247852952707E+03  0.65493840126581E+00  0.81272059558300E+04
  0.40250000000000E+01  0.64642857142857E+00  0.20465418855835E+03  0.45085082872928E+05  0.31247852952707E+03  0.65493840126581E+00  0.81272059558300E+04
  0.40500000000000E+01  0.64642857142857E+00  0.20465418855835E+03  0.45085082872928E+05  0.31247852952707E+03  0.65493840126581E+00  0.81272059558300E+04
  0.40750000000000E+01  0.64642857142857E+00  0.20465418855835E+03  0.45085082872928E+05  0.31247852952707E+03  0.65493840126581E+00  0.81272059558300E+04
  0.41000000000000E+01  0.64642857142857E+00  0.20465418855835E+03  0.45085082872928E+05  0.31247852952707E+03  0.65493840126581E+00  0.81272059558300E+04
  0.41250000000000E+01  0.64642857142857E+00  0.20465418855835E+03  0.45085082872928E+05  0.31247852952707E+03  0.65493840126581E+00  0.81272059558300E+04
  0.41500000000000E+01  0.64642857142857E+00  0.20465418855835E+03  0.45085082872928E+05  0.31247852952707E+03  0.65493840126581E+00  0.81272059558300E+04
  0.41750000000000E+01  0.64642857142857E+00  0.20465418855835E+03  0.45085082872928E+05  0.31247852952707E+03  0.65493840126581E+00  0.81272059558300E+04
  0.42000000000000E+01  0.64642857142857E+00  0.20465418855835E+03  0.45085082872928E+05  0.31247852952707E+03  0.65493840126581E+00  0.81272059558300E+04
  0.42250000000000E+01  0.64642857142857E+00  0.20465418855835E+03  0.45085082872928E+05  0.31247852952707E+03  0.65493840126581E+00  0.81272059558300E+04
  0.42500000000000E+01  0.64642857142857E+00  0.20465418855835E+03  0.45085082872928E+05  0.31247852952707E+03  0.65493840126581E+00  0.81272059558300E+04
  0.42750000000000E+01  0.64642857142857E+00  0.20465418855835E+03  0.45085082872928E+05  0.31247852952707E+03  0.65493840126581E+00  0.81272059558300E+04
  0.43000000000000E+01  0.64642857142857E+00  0.20465418855835E+03  0.45085082872928E+05  0.31247852952707E+03  0.65493840126581E+00  0.81272059558300E+04
  0.43250000000000E+01  0.64642857142857E+00  0.20465418855835E+03  0.45085082872928E+05  0.31247852952707E+03  0.65493840126581E+00  0.81272059558300E+04
  0.43500000000000E+01  0.64642857142857E+00  0.20465418855835E+03  0.45085082872928E+05  0.31247852952707E+03  0.65493840126581E+00  0.81272059558300E+04
  0.43750000000000E+01  0.64642857142857E+00  0.20465418855835E+03  0.45085082872928E+05  0.31247852952707E+03  0.65493840126581E+00  0.81272059558300E+04
  0.44000000000000E+01  0.64642857142857E+00  0.20465418855835E+03  0.45085082872928E+05  0.31247852952707E+03  0.65493840126581E+00  0.81272059558300E+04
  0.44250000000000E+01  0.64642857142857E+00  0.20465418855835E+03  0.45085082872928E+05  0.31247852952707E+03  0.65493840126581E+00  0.81272059558300E+04
  0.44500000000000E+01  0.64642857142857E+00  0.20465418855835E+03  0.45085082872928E+05  0.31247852952707E+03  0.65493840126581E+00  0.81272059558300E+04
  0.44750000000000E+01  0.64642857142857E+00  0.20465418855835E+03  0.45085082872928E+05  0.31247852952707E+03  0.65493840126581E+00  0.81272059558300E+04
  0.45000000000000E+01  0.64642857142857E+00  0.20465418855835E+03  0.45085082872928E+05  0.31247852952707E+03  0.65493840126581E+00  0.81272059558300E+04
  0.45250000000000E+01  0.64642857142857E+00  0.20465418855835E+03  0.45085082872928E+05  0.31247852952707E+03  0.65493840126581E+00  0.81272059558300E+04
  0.45500000000000E+01  0.64642857142857E+00  0.20465418855835E+03  0.45085082872928E+05  0.31247852952707E+03  0.65493840126581E+00  0.81272059558300E+04
  0.45750000000000E+01  0.64642857142857E+00  0.20465418855835E+03  0.45085082872928E+05  0.31247852952707E+03  0.65493840126581E+00  0.81272059558300E+04
  0.46000000000000E+01  0.64642857142857E+00  0.20465418855835E+03  0.45085082872928E+05  0.31247852952707E+03  0.65493840126581E+00  0.81272059558300E+04
  0.46250000000000E+01  0.64642857142857E+00  0.20465418855835E+03  0.45085082872928E+05  0.31247852952707E+03  0.65493840126581E+00  0.81272059558300E+04
  0.46500000000000E+01  0.64642857142857E+00  0.20465418855835E+03  0.45085082872928E+05  0.31247852952707E+03  0.65493840126581E+00  0.81272059558300E+04
  0.46750000000000E+01  0.64642857142857E+00  0.20465418855835E+03  0.45085082872928E+05  0.31247852952707E+03  0.65493840126581E+00  0.81272059558300E+04
  0.47000000000000E+01  0.64642857142857E+00  0.20465418855835E+03  0.45085082872928E+05  0.31247852952707E+03  0.65493840126581E+00  0.81272059558300E+04
  0.47250000000000E+01  0.64642857142857E+00  0.20465418855835E+03  0.45085082872928E+05  0.31247852952707E+03  0.65493840126581E+00  0.81272059558300E+04
  0.47500000000000E+01  0.64642857142857E+00  0.20465418855835E+03  0.45085082872928E+05  0.31247852952707E+03  0.65493840126581E+00  0.81272059558300E+04
  0.47750000000000E+01  0.64642857142857E+00  0.20465418855835E+03  0.45085082872928E+05  0.31247852952707E+03  0.65493840126581E+00  0.81272059558300E+04
  0.48000000000000E+01  0.64642857142857E+00  0.20465418855835E+03  0.45085082872928E+05  0.31247852952707E+03  0.65493840126581E+00  0.81272059558300E+04
  0.48250000000000E+01  0.64642857142857E+00  0.20465418855835E+03  0.45085082872928E+05  0.31247852952707E+03  0.65493840126581E+00  0.81272059558300E+04
  0.48500000000000E+01  0.64642857142857E+00  0.20465418855835E+03  0.45085082872928E+05  0.31247852952707E+03  0.65493840126581E+00  0.81272059558300E+04
  0.48750000000000E+01  0.64642857142857E+00  0.20465418855835E+03  0.45085082872928E+05  0.31247852952707E+03  0.65493840126581E+00  0.81272059558300E+04
  0.49000000000000E+01  0.64642857142857E+00  0.20465418855835E+03  0.45085082872928E+05  0.31247852952707E+03  0.65493840126581E+00  0.81272059558300E+04
  0.49250000000000E+01  0.64642857142857E+00  0.20465418855835E+03  0.45085082872928E+05  0.31247852952707E+03  0.65493840126581E+00  0.81272059558300E+04
  0.49500000000000E+01  0.64642857142857E+00  0.20465418855835E+03  0.45085082872928E+05  0.31247852952707E+03  0.65493840126581E+00  0.81272059558300E+04
  0.49750000000000E+01  0.64642857142857E+00  0.20465418855835E+03  0.45085082872928E+05  0.31247852952707E+03  0.65493840126581E+00  0.81272059558300E+04
  0.50000000000000E+01  0.36357142857143E+00  0.36387434311456E+03  0.40872298624754E+05  0.39671961689499E+03  0.91720784054616E+00  0.86348966157290E+04
  0.50250000000000E+01  0.36357142857143E+00  0.36387434311456E+03  0.40872298624754E+05  0.39671961689499E+03  0.91720784054616E+00  0.86348966157290E+04
  0.50500000000000E+01  0.36357142857143E+00  0.36387434311456E+03  0.40872298624754E+05  0.39671961689499E+03  0.91720784054616E+00  0.86348966157290E+04
  0.50750000000000E+01  0.36357142857143E+00  0.36387434311456E+03  0.40872298624754E+05  0.39671961689499E+03  0.91720784054616E+00  0.86348966157290E+04
  0.51000000000000E+01  0.36357142857143E+00  0.36387434311456E+03  0.40872298624754E+05  0.39671961689499E+03  0.91720784054616E+00  0.86348966157290E+04
  0.51250000000000E+01  0.36357142857143E+00  0.36387434311456E+03  0.40872298624754E+05  0.39671961689499E+03  0.91720784054616E+00  0.86348966157290E+04
  0.51500000000000E+01  0.36357142857143E+00  0.36387434311456E+03  0.40872298624754E+05  0.39671961689499E+03  0.91720784054616E+00  0.86348966157290E+04
  0.51750000000000E+01  0.36357142857143E+00  0.36387434311456E+03  0.40872298624754E+05  0.39671961689499E+03  0.91720784054616E+00  0.86348966157290E+04
  0.52000000000000E+01  0.36357142857143E+00  0.36387434311456E+03  0.40872298624754E+05  0.39671961689499E+03  0.91720784054616E+00  0.86348966157290E+04
  0.52250000000000E+01  0.36357142857143E+00  0.36387434311456E+03  0.40872298624754E+05  0.39671961689499E+03  0.91720784054616E+00  0.86348966157290E+04
  0.52500000000000E+01  0.36357142857143E+00  0.36387434311456E+03  0.40872298624754E+05  0.39671961689499E+03  0.91720784054616E+00  0.86348966157290E+04
  0.52750000000000E+01  0.36357142857143E+00  0.36387434311456E+03  0.40872298624754E+05  0.39671961689499E+03  0.91720784054616E+00  0.86348966157290E+04
  0.53000000000000E+01  0.36357142857143E+00  0.36387434311456E+03  0.40872298624754E+05  0.39671961689499E+03  0.91720784054616E+00  0.86348966157290E+04
  0.53250000000000E+01  0.36357142857143E+00  0.36387434311456E+03  0.40872298624754E+05  0.39671961689499E+03  0.91720784054616E+00  0.86348966157290E+04
  0.53500000000000E+01  0.36357142857143E+00  0.36387434311456E+03  0.40872298624754E+05  0.39671961689499E+03  0.91720784054616E+00  0.86348966157290E+04
  0.53750000000000E+01  0.36357142857143E+00  0.36387434311456E+03  0.40872298624754E+05  0.39671961689499E+03  0.91720784054616E+00  0.86348966157290E+04
  0.54000000000000E+01  0.36357142857143E+00  0.36387434311456E+03  0.40872298624754E+05  0.39671961689499E+03  0.91720784054616E+00  0.86348966157290E+04
  0.54250000000000E+01  0.36357142857143E+00  0.36387434311456E+03  0.40872298624754E+05  0.39671961689499E+03  0.91720784054616E+00  0.86348966157290E+04
  0.54500000000000E+01  0.36357142857143E+00  0.36387434311456E+03  0.40872298624754E+05  0.39671961689499E+03  0.91720784054616E+00  0.86348966157290E+04
  0.54750000000000E+01  0.36357142857143E+00  0.36387434311456E+03  0.40872298624754E+05  0.39671961689499E+03  0.91720784054616E+00  0.86348966157290E+04
  0.55000000000000E+01  0.36357142857143E+00  0.36387434311456E+03  0.40872298624754E+05  0.39671961689499E+03  0.91720784054616E+00  0.86348966157290E+04
  0.55250000000000E+01  0.36357142857143E+00  0.36387434311456E+03  0.40872298624754E+05  0.39671961689499E+03  0.91720784054616E+00  0.86348966157290E+04
  0.55500000000000E+01  0.36357142857143E+00  0.36387434311456E+03  0.40872298624754E+05  0.39671961689499E+03  0.91720784054616E+00  0.86348966157290E+04
  0.55750000000000E+01  0.36357142857143E+00  0.36387434311456E+03  0.40872298624754E+05  0.39671961689499E+03  0.91720784054616E+00  0.86348966157290E+04
  0.56000000000000E+01  0.36357142857143E+00  0.36387434311456E+03  0.40872298624754E+05  0.39671961689499E+03  0.91720784054616E+00  0.86348966157290E+04
  0.56250000000000E+01  0.36357142857143E+00  0.36387434311456E+03  0.40872298624754E+05  0.39671961689499E+03  0.91720784054616E+00  0.86348966157290E+04
  0.56500000000000E+01  0.36357142857143E+00  0.36387434311456E+03  0.40872298624754E+05  0.39671961689499E+03  0.91720784054616E+00  0.86348966157290E+04
  0.56750000000000E+01  0.36357142857143E+00  0.36387434311456E+03  0.40872298624754E+05  0.39671961689499E+03  0.91720784054616E+00  0.86348966157290E+04
  0.57000000000000E+01  0.36357142857143E+00  0.36387434311456E+03  0.40872298624754E+05  0.39671961689499E+03  0.91720784054616E+00  0.86348966157290E+04
  0.57250000000000E+01  0.36357142857143E+00  0.36387434311456E+03  0.40872298624754E+05  0.39671961689499E+03  0.91720784054616E+00  0.86348966157290E+04
  0.57500000000000E+01  0.36357142857143E+00  0.36387434311456E+03  0.40872298624754E+05  0.39671961689499E+03  0.91720784054616E+00  0.86348966157290E+04
  0.57750000000000E+01  0.36357142857143E+00  0.36387434311456E+03  0.40872298624754E+05  0.39671961689499E+03  0.91720784054616E+00  0.86348966157290E+04
  0.58000000000000E+01  0.36357142857143E+00  0.36387434311456E+03  0.40872298624754E+05  0.39671961689499E+03  0.91720784054616E+00  0.86348966157290E+04
  0.58250000000000E+01  0.36357142857143E+00  0.36387434311456E+03  0.40872298624754E+05  0.39671961689499E+03  0.91720784054616E+00  0.86348966157290E+04
  0.58500000000000E+01  0.36357142857143E+00  0.36387434311456E+03  0.40872298624754E+05  0.39671961689499E+03  0.91720784054616E+00  0.86348966157290E+04
  0.58750000000000E+01  0.36357142857143E+00  0.36387434311456E+03  0.40872298624754E+05  0.39671961689499E+03  0.91720784054616E+00  0.86348966157290E+04
  0.59000000000000E+01  0.36357142857143E+00  0.36387434311456E+03  0.40872298624754E+05  0.39671961689499E+03  0.91720784054616E+00  0.86348966157290E+04
  0.59250000000000E+01  0.36357142857143E+00  0.36387434311456E+03  0.40872298624754E+05  0.39671961689499E+03  0.91720784054616E+00  0.86348966157290E+04
  0.59500000000000E+01  0.36357142857143E+00  0.36387434311456E+03  0.40872298624754E+05  0.39671961689499E+03  0.91720784054616E+00  0.86348966157290E+04
  0.59750000000000E+01  0.36357142857143E+00  0.36387434311456E+03  0.40872298624754E+05  0.39671961689499E+03  0.91720784054616E+00  0.86348966157290E+04
  0.60000000000000E+01  0.36357142857143E+00  0.36387434311456E+03  0.40872298624754E+05  0.39671961689499E+03  0.91720784054616E+00  0.86348966157290E+04
  0.60250000000000E+01  0.36357142857143E+00  0.36387434311456E+03  0.40872298624754E+05  0.39671961689499E+03  0.91720784054616E+00  0.86348966157290E+04
  0.60500000000000E+01  0.36357142857143E+00  0.36387434311456E+03  0.40872298624754E+05  0.39671961689499E+03  0.91720784054616E+00  0.86348966157290E+04
  0.60750000000000E+01  0.36357142857143E+00  0.36387434311456E+03  0.40872298624754E+05  0.39671961689499E+03  0.91720784054616E+00  0.86348966157290E+04
  0.61000000000000E+01  0.36357142857143E+00  0.36387434311456E+03  0.40872298624754E+05  0.39671961689499E+03  0.91720784054616E+00  0.86348966157290E+04
  0.61250000000000E+01  0.36357142857143E+00  0.36387434311456E+03  0.40872298624754E+05  0.39671961689499E+03  0.91720784054616E+00  0.86348966157290E+04
  0.61500000000000E+01  0.36357142857143E+00  0.36387434311456E+03  0.40872298624754E+05  0.39671961689499E+03  0.91720784054616E+00  0.86348966157290E+04
  0.61750000000000E+01  0.36357142857143E+00  0.36387434311456E+03  0.40872298624754E+05  0.39671961689499E+03  0.91720784054616E+00  0.86348966157290E+04
  0.62000000000000E+01  0.36357142857143E+00  0.36387434311456E+03  0.40872298624754E+05  0.39671961689499E+03  0.91720784054616E+00  0.86348966157290E+04
  0.62250000000000E+01  0.36357142857143E+00  0.36387434311456E+03  0.40872298624754E+05  0.39671961689499E+03  0.91720784054616E+00  0.86348966157290E+04
  0.62500000000000E+01  0.36357142857143E+00  0.36387434311456E+03  0.40872298624754E+05  0.39671961689499E+03  0.91720784054616E+00  0.86348966157290E+04
  0.62750000000000E+01  0.36357142857143E+00  0.36387434311456E+03  0.40872298624754E+05  0.39671961689499E+03  0.91720784054616E+00  0.86348966157290E+04
  0.63000000000000E+01  0.36357142857143E+00  0.36387434311456E+03  0.40872298624754E+05  0.39671961689499E+03  0.91720784054616E+00  0.86348966157290E+04
  0.63250000000000E+01  0.36357142857143E+00  0.36387434311456E+03  0.40872298624754E+05  0.39671961689499E+03  0.91720784054616E+00  0.86348966157290E+04
  0.63500000000000E+01  0.36357142857143E+00  0.36387434311456E+03  0.40872298624754E+05  0.39671961689499E+03  0.91720784054616E+00  0.86348966157290E+04
  0.63750000000000E+01  0.36357142857143E+00  0.36387434311456E+03  0.40872298624754E+05  0.39671961689499E+03  0.91720784054616E+00  0.86348966157290E+04
  0.64000000000000E+01  0.36357142857143E+00  0.36387434311456E+03  0.40872298624754E+05  0.39671961689499E+03  0.91720784054616E+00  0.86348966157290E+04
  0.64250000000000E+01  0.36357142857143E+00  0.36387434311456E+03  0.40872298624754E+05  0.39671961689499E+03  0.91720784054616E+00  0.86348966157290E+04
  0.64500000000000E+01  0.36357142857143E+00  0.36387434311456E+03  0.40872298624754E+05  0.39671961689499E+03  0.91720784054616E+00  0.86348966157290E+04
  0.64750000000000E+01  0.10000000000000E-01  0.00000000000000E+00  0.10000000000000E+04  0.37416573867739E+03  0.00000000000000E+00  0.95822078644947E+04
  0.65000000000000E+01  0.10000000000000E-01  0.00000000000000E+00  0.10000000000000E+04  0.37416573867739E+03  0.00000000000000E+00  0.95822078644947E+04
  0.65250000000000E+01  0.10000000000000E-01  0.00000000000000E+00  0.10000000000000E+04  0.37416573867739E+03  0.00000000000000E+00  0.95822078644947E+04
  0.65500000000000E+01  0.10000000000000E-01  0.00000000000000E+00  0.10000000000000E+04  0.37416573867739E+03  0.00000000000000E+00  0.95822078644947E+04
  0.65750000000000E+01  0.10000000000000E-01  0.00000000000000E+00  0.10000000000000E+04  0.37416573867739E+03  0.00000000000000E+00  0.95822078644947E+04
  0.66000000000000E+01  0.10000000000000E-01  0.00000000000000E+00  0.10000000000000E+04  0.37416573867739E+03  0.00000000000000E+00  0.95822078644947E+04
  0.66250000000000E+01  0.10000000000000E-01  0.00000000000000E+00  0.10000000000000E+04  0.37416573867739E+03  0.00000000000000E+00  0.95822078644947E+04
  0.66500000000000E+01  0.10000000000000E-01  0.00000000000000E+00  0.10000000000000E+04  0.37416573867739E+03  0.00000000000000E+00  0.95822078644947E+04
  0.66750000000000E+01  0.10000000000000E-01  0.00000000000000E+00  0.10000000000000E+04  0.37416573867739E+03  0.00000000000000E+00  0.95822078644947E+04
  0.67000000000000E+01  0.10000000000000E-01  0.00000000000000E+00  0.10000000000000E+04  0.37416573867739E+03  0.00000000000000E+00  0.95822078644947E+04
  0.67250000000000E+01  0.10000000000000E-01  0.00000000000000E+00  0.10000000000000E+04  0.37416573867739E+03  0.00000000000000E+00  0.95822078644947E+04
  0.67500000000000E+01  0.10000000000000E-01  0.00000000000000E+00  0.10000000000000E+04  0.37416573867739E+03  0.00000000000000E+00  0.95822078644947E+04
  0.67750000000000E+01  0.10000000000000E-01  0.00000000000000E+00  0.10000000000000E+04  0.37416573867739E+03  0.00000000000000E+00  0.95822078644947E+04
  0.68000000000000E+01  0.10000000000000E-01  0.00000000000000E+00  0.10000000000000E+04  0.37416573867739E+03  0.00000000000000E+00  0.95822078644947E+04
  0.68250000000000E+01  0.10000000000000E-01  0.00000000000000E+00  0.10000000000000E+04  0.37416573867739E+03  0.00000000000000E+00  0.95822078644947E+04
  0.68500000000000E+01  0.10000000000000E-01  0.00000000000000E+00  0.10000000000000E+04  0.37416573867739E+03  0.00000000000000E+00  0.95822078644947E+04
  0.68750000000000E+01  0.10000000000000E-01  0.00000000000000E+00  0.10000000000000E+04  0.37416573867739E+03  0.00000000000000E+00  0.95822078644947E+04
  0.69000000000000E+01  0.10000000000000E-01  0.00000000000000E+00  0.10000000000000E+04  0.37416573867739E+03  0.00000000000000E+00  0.95822078644947E+04
  0.69250000000000E+01  0.10000000000000E-01  0.00000000000000E+00  0.10000000000000E+04  0.37416573867739E+03  0.00000000000000E+00  0.95822078644947E+04
  0.69500000000000E+01  0.10000000000000E-01  0.00000000000000E+00  0.10000000000000E+04  0.37416573867739E+03  0.00000000000000E+00  0.95822078644947E+04
  0.69750000000000E+01  0.10000000000000E-01  0.00000000000000E+00  0.10000000000000E+04  0.37416573867739E+03  0.00000000000000E+00  0.95822078644947E+04
  0.70000000000000E+01  0.10000000000000E-01  0.00000000000000E+00  0.10000000000000E+04  0.37416573867739E+03  0.00000000000000E+00  0.95822078644947E+04
  0.70250000000000E+01  0.10000000000000E-01  0.00000000000000E+00  0.10000000000000E+04  0.37416573867739E+03  0.00000000000000E+00  0.95822078644947E+04
  0.70500000000000E+01  0.10000000000000E-01  0.00000000000000E+00  0.10000000000000E+04  0.37416573867739E+03  0.00000000000000E+00  0.95822078644947E+04
  0.70750000000000E+01  0.10000000000000E-01  0.00000000000000E+00  0.10000000000000E+04  0.37416573867739E+03  0.00000000000000E+00  0.95822078644947E+04
  0.71000000000000E+01  0.10000000000000E-01  0.00000000000000E+00  0.10000000000000E+04  0.37416573867739E+03  0.00000000000000E+00  0.95822078644947E+04
  0.71250000000000E+01  0.10000000000000E-01  0.00000000000000E+00  0.10000000000000E+04  0.37416573867739E+03  0.00000000000000E+00  0.95822078644947E+04
  0.71500000000000E+01  0.10000000000000E-01  0.00000000000000E+00  0.10000000000000E+04  0.37416573867739E+03  0.00000000000000E+00  0.95822078644947E+04
  0.71750000000000E+01  0.10000000000000E-01  0.00000000000000E+00  0.10000000000000E+04  0.37416573867739E+03  0.00000000000000E+00  0.95822078644947E+04
  0.72000000000000E+01  0.10000000000000E-01  0.00000000000000E+00  0.10000000000000E+04  0.37416573867739E+03  0.00000000000000E+00  0.95822078644947E+04
  0.72250000000000E+01  0.10000000000000E-01  0.00000000000000E+00  0.10000000000000E+04  0.37416573867739E+03  0.00000000000000E+00  0.95822078644947E+04
  0.72500000000000E+01  0.10000000000000E-01  0.00000000000000E+00  0.10000000000000E+04  0.37416573867739E+03  0.00000000000000E+00  0.95822078644947E+04
  0.72750000000000E+01  0.10000000000000E-01  0.00000000000000E+00  0.10000000000000E+04  0.37416573867739E+03  0.00000000000000E+00  0.95822078644947E+04
  0.73000000000000E+01  0.10000000000000E-01  0.00000000000000E+00  0.10000000000000E+04  0.37416573867739E+03  0.00000000000000E+00  0.95822078644947E+04
  0.73250000000000E+01  0.10000000000000E-01  0.00000000000000E+00  0.10000000000000E+04  0.37416573867739E+03  0.00000000000000E+00  0.95822078644947E+04
  0.73500000000000E+01  0.10000000000000E-01  0.00000000000000E+00  0.10000000000000E+04  0.37416573867739E+03  0.00000000000000E+00  0.95822078644947E+04
  0.73750000000000E+01  0.10000000000000E-01  0.00000000000000E+00  0.10000000000000E+04  0.37416573867739E+03  0.00000000000000E+00  0.95822078644947E+04
  0.74000000000000E+01  0.10000000000000E-01  0.00000000000000E+00  0.10000000000000E+04  0.37416573867739E+03  0.00000000000000E+00  0.95822078644947E+04
  0.74250000000000E+01  0.10000000000000E-01  0.00000000000000E+00  0.10000000000000E+04  0.37416573867739E+03  0.00000000000000E+00  0.95822078644947E+04
  0.74500000000000E+01  0.10000000000000E-01  0.00000000000000E+00  0.10000000000000E+04  0.37416573867739E+03  0.00000000000000E+00  0.95822078644947E+04
  0.74750000000000E+01  0.10000000000000E-01  0.00000000000000E+00  0.10000000000000E+04  0.37416573867739E+03  0.00000000000000E+00  0.95822078644947E+04
  0.75000000000000E+01  0.10000000000000E-01  0.00000000000000E+00  0.10000000000000E+04  0.37416573867739E+03  0.00000000000000E+00  0.95822078644947E+04
  0.75250000000000E+01  0.10000000000000E-01  0.00000000000000E+00  0.10000000000000E+04  0.37416573867739E+03  0.00000000000000E+00  0.95822078644947E+04
  0.75500000000000E+01  0.10000000000000E-01  0.00000000000000E+00  0.10000000000000E+04  0.37416573867739E+03  0.00000000000000E+00  0.95822078644947E+04
  0.75750000000000E+01  0.10000000000000E-01  0.00000000000000E+00  0.10000000000000E+04  0.37416573867739E+03  0.00000000000000E+00  0.95822078644947E+04
  0.76000000000000E+01  0.10000000000000E-01  0.00000000000000E+00  0.10000000000000E+04  0.37416573867739E+03  0.00000000000000E+00  0.95822078644947E+04
  0.76250000000000E+01  0.10000000000000E-01  0.00000000000000E+00  0.10000000000000E+04  0.37416573867739E+03  0.00000000000000E+00  0.95822078644947E+04
  0.76500000000000E+01  0.10000000000000E-01  0.00000000000000E+00  0.10000000000000E+04  0.37416573867739E+03  0.00000000000000E+00  0.95822078644947E+04
  0.76750000000000E+01  0.10000000000000E-01  0.00000000000000E+00  0.10000000000000E+04  0.37416573867739E+03  0.00000000000000E+00  0.95822078644947E+04
  0.77000000000000E+01  0.10000000000000E-01  0.00000000000000E+00  0.10000000000000E+04  0.37416573867739E+03  0.00000000000000E+00  0.95822078644947E+04
  0.77250000000000E+01  0.10000000000000E-01  0.00000000000000E+00  0.10000000000000E+04  0.37416573867739E+03  0.00000000000000E+00  0.95822078644947E+04
  0.77500000000000E+01  0.10000000000000E-01  0.00000000000000E+00  0.10000000000000E+04  0.37416573867739E+03  0.00000000000000E+00  0.95822078644947E+04
  0.77750000000000E+01  0.10000000000000E-01  0.00000000000000E+00  0.10000000000000E+04  0.37416573867739E+03  0.00000000000000E+00  0.95822078644947E+04
  0.78000000000000E+01  0.10000000000000E-01  0.00000000000000E+00  0.10000000000000E+04  0.37416573867739E+03  0.00000000000000E+00  0.95822078644947E+04
  0.78250000000000E+01  0.10000000000000E-01  0.00000000000000E+00  0.10000000000000E+04  0.37416573867739E+03  0.00000000000000E+00  0.95822078644947E+04
  0.78500000000000E+01  0.10000000000000E-01  0.00000000000000E+00  0.10000000000000E+04  0.37416573867739E+03  0.00000000000000E+00  0.95822078644947E+04
  0.78750000000000E+01  0.10000000000000E-01  0.00000000000000E+00  0.10000000000000E+04  0.37416573867739E+03  0.00000000000000E+00  0.95822078644947E+04
  0.79000000000000E+01  0.10000000000000E-01  0.00000000000000E+00  0.10000000000000E+04  0.37416573867739E+03  0.00000000000000E+00  0.95822078644947E+04
  0.79250000000000E+01  0.10000000000000E-01  0.00000000000000E+00  0.10000000000000E+04  0.37416573867739E+03  0.00000000000000E+00  0.95822078644947E+04
  0.79500000000000E+01  0.10000000000000E-01  0.00000000000000E+00  0.10000000000000E+04  0.37416573867739E+03  0.00000000000000E+00  0.95822078644947E+04
  0.79750000000000E+01  0.10000000000000E-01  0.00000000000000E+00  0.10000000000000E+04  0.37416573867739E+03  0.00000000000000E+00  0.95822078644947E+04
  0.80000000000000E+01  0.10000000000000E-01  0.00000000000000E+00  0.10000000000000E+04  0.37416573867739E+03  0.00000000000000E+00  0.95822078644947E+04
  0.80250000000000E+01  0.10000000000000E-01  0.00000000000000E+00  0.10000000000000E+04  0.37416573867739E+03  0.00000000000000E+00  0.95822078644947E+04
  0.80500000000000E+01  0.10000000000000E-01  0.00000000000000E+00  0.10000000000000E+04  0.37416573867739E+03  0.00000000000000E+00  0.95822078644947E+04
  0.80750000000000E+01  0.10000000000000E-01  0.00000000000000E+00  0.10000000000000E+04  0.37416573867739E+03  0.00000000000000E+00  0.95822078644947E+04
  0.81000000000000E+01  0.10000000000000E-01  0.00000000000000E+00  0.10000000000000E+04  0.37416573867739E+03  0.00000000000000E+00  0.95822078644947E+04
  0.81250000000000E+01  0.10000000000000E-01  0.00000000000000E+00  0.10000000000000E+04  0.37416573867739E+03  0.00000000000000E+00  0.95822078644947E+04
  0.81500000000000E+01  0.10000000000000E-01  0.00000000000000E+00  0.10000000000000E+04  0.37416573867739E+03  0.00000000000000E+00  0.95822078644947E+04
  0.81750000000000E+01  0.10000000000000E-01  0.00000000000000E+00  0.10000000000000E+04  0.37416573867739E+03  0.00000000000000E+00  0.95822078644947E+04
  0.82000000000000E+01  0.10000000000000E-01  0.00000000000000E+00  0.10000000000000E+04  0.37416573867739E+03  0.00000000000000E+00  0.95822078644947E+04
  0.82250000000000E+01  0.10000000000000E-01  0.00000000000000E+00  0.10000000000000E+04  0.37416573867739E+03  0.00000000000000E+00  0.95822078644947E+04
  0.82500000000000E+01  0.10000000000000E-01  0.00000000000000E+00  0.10000000000000E+04  0.37416573867739E+03  0.00000000000000E+00  0.95822078644947E+04
  0.82750000000000E+01  0.10000000000000E-01  0.00000000000000E+00  0.10000000000000E+04  0.37416573867739E+03  0.00000000000000E+00  0.95822078644947E+04
  0.83000000000000E+01  0.10000000000000E-01  0.00000000000000E+00  0.10000000000000E+04  0.37416573867739E+03  0.00000000000000E+00  0.95822078644947E+04
  0.83250000000000E+01  0.10000000000000E-01  0.00000000000000E+00  0.10000000000000E+04  0.37416573867739E+03  0.00000000000000E+00  0.95822078644947E+04
  0.83500000000000E+01  0.10000000000000E-01  0.00000000000000E+00  0.10000000000000E+04  0.37416573867739E+03  0.00000000000000E+00  0.95822078644947E+04
  0.83750000000000E+01  0.10000000000000E-01  0.00000000000000E+00  0.10000000000000E+04  0.37416573867739E+03  0.00000000000000E+00  0.95822078644947E+04
  0.84000000000000E+01  0.10000000000000E-01  0.00000000000000E+00  0.10000000000000E+04  0.37416573867739E+03  0.00000000000000E+00  0.95822078644947E+04
  0.84250000000000E+01  0.10000000000000E-01  0.00000000000000E+00  0.10000000000000E+04  0.37416573867739E+03  0.00000000000000E+00  0.95822078644947E+04
  0.84500000000000E+01  0.10000000000000E-01  0.00000000000000E+00  0.10000000000000E+04  0.37416573867739E+03  0.00000000000000E+00  0.95822078644947E+04
  0.84750000000000E+01  0.10000000000000E-01  0.00000000000000E+00  0.10000000000000E+04  0.37416573867739E+03  0.00000000000000E+00  0.95822078644947E+04
  0.85000000000000E+01  0.10000000000000E-01  0.00000000000000E+00  0.10000000000000E+04  0.37416573867739E+03  0.00000000000000E+00  0.95822078644947E+04
  0.85250000000000E+01  0.10000000000000E-01  0.00000000000000E+00  0.10000000000000E+04  0.37416573867739E+03  0.00000000000000E+00  0.95822078644947E+04
  0.85500000000000E+01  0.10000000000000E-01  0.00000000000000E+00  0.10000000000000E+04  0.37416573867739E+03  0.00000000000000E+00  0.95822078644947E+04
  0.85750000000000E+01  0.10000000000000E-01  0.00000000000000E+00  0.10000000000000E+04  0.37416573867739E+03  0.00000000000000E+00  0.95822078644947E+04
  0.86000000000000E+01  0.10000000000000E-01  0.00000000000000E+00  0.10000000000000E+04  0.37416573867739E+03  0.00000000000000E+00  0.95822078644947E+04
  0.86250000000000E+01  0.10000000000000E-01  0.00000000000000E+00  0.10000000000000E+04  0.37416573867739E+03  0.00000000000000E+00  0.95822078644947E+04
  0.86500000000000E+01  0.10000000000000E-01  0.00000000000000E+00  0.10000000000000E+04  0.37416573867739E+03  0.00000000000000E+00  0.95822078644947E+04
  0.86750000000000E+01  0.10000000000000E-01  0.00000000000000E+00  0.10000000000000E+04  0.37416573867739E+03  0.00000000000000E+00  0.95822078644947E+04
  0.87000000000000E+01  0.10000000000000E-01  0.00000000000000E+00  0.10000000000000E+04  0.37416573867739E+03  0.00000000000000E+00  0.95822078644947E+04
  0.87250000000000E+01  0.10000000000000E-01  0.00000000000000E+00  0.10000000000000E+04  0.37416573867739E+03  0.00000000000000E+00  0.95822078644947E+04
  0.87500000000000E+01  0.10000000000000E-01  0.00000000000000E+00  0.10000000000000E+04  0.37416573867739E+03  0.00000000000000E+00  0.95822078644947E+04
  0.87750000000000E+01  0.10000000000000E-01  0.00000000000000E+00  0.10000000000000E+04  0.37416573867739E+03  0.00000000000000E+00  0.95822078644947E+04
  0.88000000000000E+01  0.10000000000000E-01  0.00000000000000E+00  0.10000000000000E+04  0.37416573867739E+03  0.00000000000000E+00  0.95822078644947E+04
  0.88250000000000E+01  0.10000000000000E-01  0.00000000000000E+00  0.10000000000000E+04  0.37416573867739E+03  0.00000000000000E+00  0.95822078644947E+04
  0.88500000000000E+01  0.10000000000000E-01  0.00000000000000E+00  0.10000000000000E+04  0.37416573867739E+03  0.00000000000000E+00  0.95822078644947E+04
  0.88750000000000E+01  0.10000000000000E-01  0.00000000000000E+00  0.10000000000000E+04  0.37416573867739E+03  0.00000000000000E+00  0.95822078644947E+04
  0.89000000000000E+01  0.10000000000000E-01  0.00000000000000E+00  0.10000000000000E+04  0.37416573867739E+03  0.00000000000000E+00  0.95822078644947E+04
  0.89250000000000E+01  0.10000000000000E-01  0.00000000000000E+00  0.10000000000000E+04  0.37416573867739E+03  0.00000000000000E+00  0.95822078644947E+04
  0.89500000000000E+01  0.10000000000000E-01  0.00000000000000E+00  0.10000000000000E+04  0.37416573867739E+03  0.00000000000000E+00  0.95822078644947E+04
  0.89750000000000E+01  0.10000000000000E-01  0.00000000000000E+00  0.10000000000000E+04  0.37416573867739E+03  0.00000000000000E+00  0.95822078644947E+04
  0.90000000000000E+01  0.10000000000000E-01  0.00000000000000E+00  0.10000000000000E+04  0.37416573867739E+03  0.00000000000000E+00  0.95822078644947E+04
  0.90250000000000E+01  0.10000000000000E-01  0.00000000000000E+00  0.10000000000000E+04  0.37416573867739E+03  0.00000000000000E+00  0.95822078644947E+04
  0.90500000000000E+01  0.10000000000000E-01  0.00000000000000E+00  0.10000000000000E+04  0.37416573867739E+03  0.00000000000000E+00  0.95822078644947E+04
  0.90750000000000E+01  0.10000000000000E-01  0.00000000000000E+00  0.10000000000000E+04  0.37416573867739E+03  0.00000000000000E+00  0.95822078644947E+04
  0.91000000000000E+01  0.10000000000000E-01  0.00000000000000E+00  0.10000000000000E+04  0.37416573867739E+03  0.00000000000000E+00  0.95822078644947E+04
  0.91250000000000E+01  0.10000000000000E-01  0.00000000000000E+00  0.10000000000000E+04  0.37416573867739E+03  0.00000000000000E+00  0.95822078644947E+04
  0.91500000000000E+01  0.10000000000000E-01  0.00000000000000E+00  0.10000000000000E+04  0.37416573867739E+03  0.00000000000000E+00  0.95822078644947E+04
  0.91750000000000E+01  0.10000000000000E-01  0.00000000000000E+00  0.10000000000000E+04  0.37416573867739E+03  0.00000000000000E+00  0.95822078644947E+04
  0.92000000000000E+01  0.10000000000000E-01  0.00000000000000E+00  0.10000000000000E+04  0.37416573867739E+03  0.00000000000000E+00  0.95822078644947E+04
  0.92250000000000E+01  0.10000000000000E-01  0.00000000000000E+00  0.10000000000000E+04  0.37416573867739E+03  0.00000000000000E+00  0.95822078644947E+04
  0.92500000000000E+01  0.10000000000000E-01  0.00000000000000E+00  0.10000000000000E+04  0.37416573867739E+03  0.00000000000000E+00  0.95822078644947E+04
  0.92750000000000E+01  0.10000000000000E-01  0.00000000000000E+00  0.10000000000000E+04  0.37416573867739E+03  0.00000000000000E+00  0.95822078644947E+04
  0.93000000000000E+01  0.10000000000000E-01  0.00000000000000E+00  0.10000000000000E+04  0.37416573867739E+03  0.00000000000000E+00  0.95822078644947E+04
  0.93250000000000E+01  0.10000000000000E-01  0.00000000000000E+00  0.10000000000000E+04  0.37416573867739E+03  0.00000000000000E+00  0.95822078644947E+04
  0.93500000000000E+01  0.10000000000000E-01  0.00000000000000E+00  0.10000000000000E+04  0.37416573867739E+03  0.00000000000000E+00  0.95822078644947E+04
  0.93750000000000E+01  0.10000000000000E-01  0.00000000000000E+00  0.10000000000000E+04  0.37416573867739E+03  0.00000000000000E+00  0.95822078644947E+04
  0.94000000000000E+01  0.10000000000000E-01  0.00000000000000E+00  0.10000000000000E+04  0.37416573867739E+03  0.00000000000000E+00  0.95822078644947E+04
  0.94250000000000E+01  0.10000000000000E-01  0.00000000000000E+00  0.10000000000000E+04  0.37416573867739E+03  0.00000000000000E+00  0.95822078644947E+04
  0.94500000000000E+01  0.10000000000000E-01  0.00000000000000E+00  0.10000000000000E+04  0.37416573867739E+03  0.00000000000000E+00  0.95822078644947E+04
  0.94750000000000E+01  0.10000000000000E-01  0.00000000000000E+00  0.10000000000000E+04  0.37416573867739E+03  0.00000000000000E+00  0.95822078644947E+04
  0.95000000000000E+01  0.10000000000000E-01  0.00000000000000E+00  0.10000000000000E+04  0.37416573867739E+03  0.00000000000000E+00  0.95822078644947E+04
  0.95250000000000E+01  0.10000000000000E-01  0.00000000000000E+00  0.10000000000000E+04  0.37416573867739E+03  0.00000000000000E+00  0.95822078644947E+04
  0.95500000000000E+01  0.10000000000000E-01  0.00000000000000E+00  0.10000000000000E+04  0.37416573867739E+03  0.00000000000000E+00  0.95822078644947E+04
  0.95750000000000E+01  0.10000000000000E-01  0.00000000000000E+00  0.10000000000000E+04  0.37416573867739E+03  0.00000000000000E+00  0.95822078644947E+04
  0.96000000000000E+01  0.10000000000000E-01  0.00000000000000E+00  0.10000000000000E+04  0.37416573867739E+03  0.00000000000000E+00  0.95822078644947E+04
  0.96250000000000E+01  0.10000000000000E-01  0.00000000000000E+00  0.10000000000000E+04  0.37416573867739E+03  0.00000000000000E+00  0.95822078644947E+04
  0.96500000000000E+01  0.10000000000000E-01  0.00000000000000E+00  0.10000000000000E+04  0.37416573867739E+03  0.00000000000000E+00  0.95822078644947E+04
  0.96750000000000E+01  0.10000000000000E-01  0.00000000000000E+00  0.10000000000000E+04  0.37416573867739E+03  0.00000000000000E+00  0.95822078644947E+04
  0.97000000000000E+01  0.10000000000000E-01  0.00000000000000E+00  0.10000000000000E+04  0.37416573867739E+03  0.00000000000000E+00  0.95822078644947E+04
  0.97250000000000E+01  0.10000000000000E-01  0.00000000000000E+00  0.10000000000000E+04  0.37416573867739E+03  0.00000000000000E+00  0.95822078644947E+04
  0.97500000000000E+01  0.10000000000000E-01  0.00000000000000E+00  0.10000000000000E+04  0.37416573867739E+03  0.00000000000000E+00  0.95822078644947E+04
  0.97750000000000E+01  0.10000000000000E-01  0.00000000000000E+00  0.10000000000000E+04  0.37416573867739E+03  0.00000000000000E+00  0.95822078644947E+04
  0.98000000000000E+01  0.10000000000000E-01  0.00000000000000E+00  0.10000000000000E+04  0.37416573867739E+03  0.00000000000000E+00  0.95822078644947E+04
  0.98250000000000E+01  0.10000000000000E-01  0.00000000000000E+00  0.10000000000000E+04  0.37416573867739E+03  0.00000000000000E+00  0.95822078644947E+04
  0.98500000000000E+01  0.10000000000000E-01  0.00000000000000E+00  0.10000000000000E+04  0.37416573867739E+03  0.00000000000000E+00  0.95822078644947E+04
  0.98750000000000E+01  0.10000000000000E-01  0.00000000000000E+00  0.10000000000000E+04  0.37416573867739E+03  0.00000000000000E+00  0.95822078644947E+04
  0.99000000000000E+01  0.10000000000000E-01  0.00000000000000E+00  0.10000000000000E+04  0.37416573867739E+03  0.00000000000000E+00  0.95822078644947E+04
  0.99250000000000E+01  0.10000000000000E-01  0.00000000000000E+00  0.10000000000000E+04  0.37416573867739E+03  0.00000000000000E+00  0.95822078644947E+04
  0.99500000000000E+01  0.10000000000000E-01  0.00000000000000E+00  0.10000000000000E+04  0.37416573867739E+03  0.00000000000000E+00  0.95822078644947E+04
  0.99750000000000E+01  0.10000000000000E-01  0.00000000000000E+00  0.10000000000000E+04  0.37416573867739E+03  0.00000000000000E+00  0.95822078644947E+04
  0.10000000000000E+02  0.10000000000000E-01  0.00000000000000E+00  0.10000000000000E+04  0.37416573867739E+03  0.00000000000000E+00  0.95822078644947E+04
