      0.0039
   1     1.0000
   2     1.0000
   3     1.0000
   4     1.0000
   5     1.0000
   6     1.0000
   7     1.0000
   8     1.0000
   9     1.0000
  10     1.0000
  11     1.0000
  12     1.0000
  13     1.0000
  14     1.0000
  15     1.0000
  16     1.0000
  17     1.0000
  18     1.0000
  19     1.0000
  20     1.0000
  21     1.0000
  22     1.0000
  23     1.0000
  24     1.0000
  25     1.0000
  26     1.0000
  27     1.0000
  28     1.0000
  29     1.0000
  30     1.0000
  31     1.0000
  32     1.0000
  33     1.0000
  34     1.0000
  35     1.0000
  36     1.0000
  37     1.0000
  38     1.0000
  39     1.0000
  40     1.0000
  41     1.0000
  42     1.0000
  43     1.0000
  44     1.0000
  45     1.0000
  46     1.0000
  47     1.0000
  48     1.0000
  49     1.0000
  50     1.0000
  51     1.0000
  52     1.0000
  53     1.0000
  54     1.0000
  55     1.0000
  56     1.0000
  57     1.0000
  58     1.0000
  59     1.0000
  60     1.0000
  61     1.0000
  62     1.0000
  63     1.0000
  64     1.0000
  65     1.0000
  66     1.0000
  67     1.0000
  68     1.0000
  69     1.0000
  70     1.0000
  71     1.0000
  72     1.0000
  73     1.0000
  74     1.0000
  75     1.0000
  76     1.0000
  77     1.0000
  78     1.0000
  79     1.0000
  80     1.0000
  81     1.0000
  82     1.0000
  83     1.0000
  84     1.0000
  85     1.0000
  86     1.0000
  87     1.0000
  88     1.0000
  89     1.0000
  90     1.0000
  91     1.0000
  92     1.0000
  93     1.0000
  94     1.0000
  95     1.0000
  96     1.0000
  97     1.0000
  98     1.0000
  99     1.0000
 100     1.0000
 101     1.0000
 102     1.0000
 103     1.0000
 104     1.0000
 105     1.0000
 106     1.0000
 107     1.0000
 108     1.0000
 109     1.0000
 110     1.0000
 111     1.0000
 112     1.0000
 113     1.0000
 114     1.0000
 115     1.0000
 116     1.0000
 117     1.0000
 118     1.0000
 119     1.0000
 120     1.0000
 121     1.0000
 122     1.0000
 123     1.0000
 124     1.0000
 125     1.0000
 126     1.0000
 127     1.0000
 128     1.0000
 129     1.0000
 130     1.0000
 131     1.0000
 132     1.0000
 133     1.0000
 134     1.0000
 135     1.0000
 136     1.0000
 137     1.0000
 138     1.0000
 139     1.0000
 140     1.0000
 141     1.0000
 142     1.0000
 143     1.0000
 144     0.9994
 145     0.9809
 146     0.9626
 147     0.9446
 148     0.9356
 149     0.9268
 150     0.9093
 151     0.8921
 152     0.8752
 153     0.8668
 154     0.8585
 155     0.8420
 156     0.8345
 157     0.8259
 158     0.8099
 159     0.8021
 160     0.7942
 161     0.7826
 162     0.7788
 163     0.7636
 164     0.7486
 165     0.7339
 166     0.7194
 167     0.7051
 168     0.6911
 169     0.6842
 170     0.6773
 171     0.6637
 172     0.6503
 173     0.6372
 174     0.6307
 175     0.6242
 176     0.6115
 177     0.5990
 178     0.5867
 179     0.5806
 180     0.5746
 181     0.5656
 182     0.5626
 183     0.5509
 184     0.5394
 185     0.5313
 186     0.5281
 187     0.5170
 188     0.5060
 189     0.4952
 190     0.4899
 191     0.4847
 192     0.4743
 193     0.4641
 194     0.4540
 195     0.4491
 196     0.4442
 197     0.4345
 198     0.4250
 199     0.4156
 200     0.4110
 201     0.4064
 202     0.3996
 203     0.3974
 204     0.3885
 205     0.3798
 206     0.3713
 207     0.3629
 208     0.3546
 209     0.3465
 210     0.3426
 211     0.3386
 212     0.3327
 213     0.3326
 214     0.3308
 215     0.3232
 216     0.3156
 217     0.3133
 218     0.3083
 219     0.3010
 220     0.2939
 221     0.2870
 222     0.2836
 223     0.2802
 224     0.2751
 225     0.2735
 226     0.2669
 227     0.2605
 228     0.2541
 229     0.2479
 230     0.2419
 231     0.2359
 232     0.2330
 233     0.2301
 234     0.2244
 235     0.2188
 236     0.2133
 237     0.2106
 238     0.2079
 239     0.2026
 240     0.1975
 241     0.1924
 242     0.1899
 243     0.1874
 244     0.1838
 245     0.1826
 246     0.1778
 247     0.1732
 248     0.1686
 249     0.1642
 250     0.1598
 251     0.1555
 252     0.1534
 253     0.1514
 254     0.1505
 255     0.1473
 256     0.1433
 257     0.1402
 258     0.1402
 259     0.1402
 260     0.1402
 261     0.1402
 262     0.1402
 263     0.1402
 264     0.1402
 265     0.1402
 266     0.1402
 267     0.1402
 268     0.1402
 269     0.1402
 270     0.1402
 271     0.1402
 272     0.1402
 273     0.1402
 274     0.1402
 275     0.1402
 276     0.1402
 277     0.1402
 278     0.1402
 279     0.1402
 280     0.1402
 281     0.1402
 282     0.1402
 283     0.1402
 284     0.1402
 285     0.0100
 286     0.0100
 287     0.0100
 288     0.0100
 289     0.0100
 290     0.0100
 291     0.0100
 292     0.0100
 293     0.0100
 294     0.0100
 295     0.0100
 296     0.0100
 297     0.0100
 298     0.0100
 299     0.0100
 300     0.0100
 301     0.0100
 302     0.0100
 303     0.0100
 304     0.0100
 305     0.0100
 306     0.0100
 307     0.0100
 308     0.0100
 309     0.0100
 310     0.0100
 311     0.0100
 312     0.0100
 313     0.0100
 314     0.0100
 315     0.0100
 316     0.0100
 317     0.0100
 318     0.0100
 319     0.0100
 320     0.0100
 321     0.0100
 322     0.0100
 323     0.0100
 324     0.0100
 325     0.0100
 326     0.0100
 327     0.0100
 328     0.0100
 329     0.0100
 330     0.0100
 331     0.0100
 332     0.0100
 333     0.0100
 334     0.0100
 335     0.0100
 336     0.0100
 337     0.0100
 338     0.0100
 339     0.0100
 340     0.0100
 341     0.0100
 342     0.0100
 343     0.0100
 344     0.0100
 345     0.0100
 346     0.0100
 347     0.0100
 348     0.0100
 349     0.0100
 350     0.0100
 351     0.0100
 352     0.0100
 353     0.0100
 354     0.0100
 355     0.0100
 356     0.0100
 357     0.0100
 358     0.0100
 359     0.0100
 360     0.0100
 361     0.0100
 362     0.0100
 363     0.0100
 364     0.0100
 365     0.0100
 366     0.0100
 367     0.0100
 368     0.0100
 369     0.0100
 370     0.0100
 371     0.0100
 372     0.0100
 373     0.0100
 374     0.0100
 375     0.0100
 376     0.0100
 377     0.0100
 378     0.0100
 379     0.0100
 380     0.0100
 381     0.0100
 382     0.0100
 383     0.0100
 384     0.0100
 385     0.0100
 386     0.0100
 387     0.0100
 388     0.0100
 389     0.0100
 390     0.0100
 391     0.0100
 392     0.0100
 393     0.0100
 394     0.0100
 395     0.0100
 396     0.0100
 397     0.0100
 398     0.0100
 399     0.0100
 400     0.0100
